k x y F u v cell
469560 512.53958571 512.497684598 0.00100802161647 513.0 512.0 524801.0
469560 502.031921983 502.678321242 0.00106067215355 502.0 503.0 515574.0
469560 394.693191886 623.896276116 5.42874606188e-05 395.0 624.0 639371.0
469561 512.811846375 512.003404737 0.00100251743094 513.0 512.0 524801.0
469561 502.386592269 502.105668664 0.00098005135048 502.0 502.0 514550.0
469562 502.442341447 502.271453023 0.00101891225929 502.0 502.0 514550.0
469562 587.805202127 254.579555631 5.92126754933e-07 588.0 255.0 261708.0
469562 512.999622941 512.217715621 0.00101464638973 513.0 512.0 524801.0
469563 149.569323897 877.823138595 5.94383439783e-06 150.0 878.0 899222.0
469563 502.134666562 502.461298347 0.000969475847822 502.0 502.0 514550.0
469563 512.587854028 512.229567647 0.000999057414563 513.0 512.0 524801.0
469563 836.884858012 894.121399999 6.2423769467e-06 837.0 894.0 916293.0
469564 539.638732553 738.510741353 2.64567556216e-05 540.0 739.0 757276.0
469564 502.121118665 502.91355288 0.000985522853512 502.0 503.0 515574.0
469564 512.809168458 512.880730033 0.000983174628226 513.0 513.0 525825.0
469565 502.415761352 502.180963159 0.00101267637001 502.0 502.0 514550.0
469565 634.675185561 138.971915603 7.78804739571e-06 635.0 139.0 142971.0
469565 512.436202407 512.05119288 0.000994047452909 512.0 512.0 524800.0
469565 868.072821021 620.617149949 1.5642182763e-05 868.0 621.0 636772.0
469566 78.400380969 189.602597356 1.57281251048e-05 78.0 190.0 194638.0
469566 512.802509904 512.305345416 0.000997204551305 513.0 512.0 524801.0
469566 954.595264792 179.900641799 4.78966355624e-06 955.0 180.0 185275.0
469566 502.022606969 502.736624122 0.00102528960208 502.0 503.0 515574.0
469567 502.150829434 502.831282258 0.000970641389275 502.0 503.0 515574.0
469567 500.56300509 293.406235576 3.29682110426e-06 501.0 293.0 300533.0
469567 512.235403895 512.433008552 0.000966263393732 512.0 512.0 524800.0
469568 916.721421599 972.70076406 2.12931840257e-05 917.0 973.0 997269.0
469568 502.343044162 502.732737422 0.00100360856611 502.0 503.0 515574.0
469568 512.457150578 512.371512055 0.00100215476632 512.0 512.0 524800.0
469568 202.39352262 703.682916045 2.78888575352e-05 202.0 704.0 721098.0
469569 502.111462951 502.856883645 0.00101956191528 502.0 503.0 515574.0
469569 512.860709548 512.082676768 0.00102431921646 513.0 512.0 524801.0
469570 502.604381442 502.755249381 0.000974221114559 503.0 503.0 515575.0
469570 512.660714269 512.705468297 0.0010064918024 513.0 513.0 525825.0
469570 113.018822789 672.837207198 7.17170701033e-06 113.0 673.0 689265.0
469571 69.4992228746 737.530665278 1.64562685203e-05 69.0 738.0 755781.0
469571 512.813694835 512.093930364 0.000983266958982 513.0 512.0 524801.0
469571 502.583188176 502.906169295 0.000984614853919 503.0 503.0 515575.0
469572 502.455420136 502.472372174 0.00100311046574 502.0 502.0 514550.0
469572 399.416170478 872.158539176 3.39795183623e-06 399.0 872.0 893327.0
469572 512.540851951 512.269963861 0.000976116080697 513.0 512.0 524801.0
469573 512.937495112 512.199749589 0.00100547980132 513.0 512.0 524801.0
469573 502.716340661 502.754459023 0.000963876281149 503.0 503.0 515575.0
469574 502.452800632 502.606701493 0.000998020888504 502.0 503.0 515574.0
469574 512.753711343 512.004299045 0.00100386201365 513.0 512.0 524801.0
469575 502.097794175 502.837361932 0.00100064469931 502.0 503.0 515574.0
469575 512.929200292 512.387966275 0.00100894642983 513.0 512.0 524801.0
469575 144.553288341 91.3056904078 2.00402104394e-05 145.0 91.0 93329.0
469575 135.87537396 401.105821729 2.912658941e-05 136.0 401.0 410760.0
469576 512.901934266 512.88963449 0.000973271965536 513.0 513.0 525825.0
469576 502.425598741 502.973274827 0.00103688264797 502.0 503.0 515574.0
469577 195.935654283 160.488102555 3.37724460757e-05 196.0 160.0 164036.0
469577 504.027567267 118.955067277 8.04603632918e-06 504.0 119.0 122360.0
469577 512.582532525 512.077760577 0.000947834860435 513.0 512.0 524801.0
469577 502.171827912 502.737425208 0.00102635686796 502.0 503.0 515574.0
469578 512.633806586 512.505082965 0.00101735100035 513.0 513.0 525825.0
469578 167.58121717 21.0832005739 6.32722453156e-05 168.0 21.0 21672.0
469578 502.231715083 502.880255342 0.00100948860595 502.0 503.0 515574.0
469578 535.295299888 307.112031579 1.82985773248e-05 535.0 307.0 314903.0
469579 502.4192487 502.719705462 0.00104194805295 502.0 503.0 515574.0
469579 512.421774745 512.08938086 0.00101046047283 512.0 512.0 524800.0
469579 158.968062282 273.077632308 3.11790819673e-06 159.0 273.0 279711.0
469580 512.960840106 512.00955832 0.00103890612102 513.0 512.0 524801.0
469580 102.8287462 502.800315022 2.30392684205e-05 103.0 503.0 515175.0
469580 829.799083114 832.869168639 5.47455899096e-06 830.0 833.0 853822.0
469580 502.574526906 502.423912168 0.00104921967806 503.0 502.0 514551.0
469581 512.592574716 512.318490386 0.00100798086271 513.0 512.0 524801.0
469581 502.042723775 502.852725625 0.0010479846625 502.0 503.0 515574.0
469581 987.944711328 982.253348708 4.88902021406e-06 988.0 982.0 1006556.0
469582 502.753380418 502.395699143 0.00100887464152 503.0 502.0 514551.0
469582 512.905852199 512.064543366 0.000987851884331 513.0 512.0 524801.0
469583 512.340752959 512.375223517 0.000986952375501 512.0 512.0 524800.0
469583 502.102414966 502.849175096 0.00108884353436 502.0 503.0 515574.0
469584 212.15081203 830.624025702 3.34411885244e-06 212.0 831.0 851156.0
469584 647.848606706 894.294585824 3.56243590287e-05 648.0 894.0 916104.0
469584 268.327321172 295.791537642 9.11728045107e-06 268.0 296.0 303372.0
469584 502.532489657 502.764664054 0.000984987505369 503.0 503.0 515575.0
469584 474.853197694 791.004186273 1.56520279018e-06 475.0 791.0 810459.0
469584 512.54152143 512.477893949 0.00100863124233 513.0 512.0 524801.0
469585 502.20575273 502.562168717 0.00100610651399 502.0 503.0 515574.0
469585 59.2210036516 427.901467204 1.49381542219e-05 59.0 428.0 438331.0
469585 1003.48742187 366.252685189 1.52946048826e-05 1003.0 366.0 375787.0
469585 512.737450719 512.31931603 0.000965481142042 513.0 512.0 524801.0
469586 502.248342156 502.570326924 0.00101875840605 502.0 503.0 515574.0
469586 512.404696822 512.48484695 0.00104845500814 512.0 512.0 524800.0
469586 440.180816054 287.363589168 3.31056759552e-06 440.0 287.0 294328.0
469587 502.208339572 502.634138703 0.000969853664599 502.0 503.0 515574.0
469587 512.295698285 512.257533908 0.00102466710954 512.0 512.0 524800.0
469588 512.521784186 512.1609267 0.000937076838983 513.0 512.0 524801.0
469588 502.40304625 502.476797938 0.000954137250258 502.0 502.0 514550.0
469589 502.109343886 502.799855828 0.0010403179162 502.0 503.0 515574.0
469589 512.971237779 512.694671035 0.000996486759137 513.0 513.0 525825.0
469590 174.211732507 332.501031756 5.60807066195e-06 174.0 333.0 341166.0
469590 512.996302724 512.063144565 0.00102993585884 513.0 512.0 524801.0
469590 700.164747357 720.856856465 1.47113500794e-05 700.0 721.0 739004.0
469590 502.144442677 502.335778117 0.00100178841957 502.0 502.0 514550.0
469590 205.71014297 27.7671505213 7.77022440688e-05 206.0 28.0 28878.0
469591 459.136834025 705.332127213 9.23915339813e-06 459.0 705.0 722379.0
469591 502.883759379 502.986995816 0.000965517161641 503.0 503.0 515575.0
469591 171.526091933 976.683653235 5.51174660999e-06 172.0 977.0 1000620.0
469591 512.927487254 512.728359818 0.00100358736273 513.0 513.0 525825.0
469592 755.729145169 566.596312404 1.7892788565e-05 756.0 567.0 581364.0
469592 941.024819732 311.242281079 7.44385395099e-07 941.0 311.0 319405.0
469592 502.59423244 502.705545545 0.00103290393672 503.0 503.0 515575.0
469592 512.604410529 512.48176229 0.000999814849607 513.0 512.0 524801.0
469593 796.591230273 118.914719701 3.23211292908e-06 797.0 119.0 122653.0
469593 512.645280719 512.365816474 0.000927367611795 513.0 512.0 524801.0
469593 502.025078177 502.917632222 0.00101401895174 502.0 503.0 515574.0
469594 971.997906804 276.045466065 9.32675730683e-09 972.0 276.0 283596.0
469594 131.213963389 12.8164337873 4.26875125286e-06 131.0 13.0 13443.0
469594 502.135457397 502.954883456 0.00107525407981 502.0 503.0 515574.0
469594 512.468076587 512.557522893 0.000961406213139 512.0 513.0 525824.0
469595 502.338633657 502.067316413 0.000972314484835 502.0 502.0 514550.0
469595 512.69592011 512.033254743 0.00101393103193 513.0 512.0 524801.0
469596 502.215962291 502.455150723 0.00103030542264 502.0 502.0 514550.0
469596 512.741819739 512.083460927 0.00102968737014 513.0 512.0 524801.0
469596 444.448136687 426.544426084 8.63353791876e-06 444.0 427.0 437692.0
469597 512.781501412 512.080800891 0.000982068460864 513.0 512.0 524801.0
469597 502.139240623 502.439346671 0.00100969076014 502.0 502.0 514550.0
469597 320.475156426 936.835077882 2.64645487344e-06 320.0 937.0 959808.0
469598 502.153173089 502.878275037 0.000973800519326 502.0 503.0 515574.0
469598 512.992423177 512.760368943 0.000989748883824 513.0 513.0 525825.0
469598 790.442264915 1019.99360478 1.70752165385e-05 790.0 1020.0 1045270.0
469599 526.670874 381.986061215 8.15783316948e-06 527.0 382.0 391695.0
469599 502.106753469 502.816758037 0.00100002697502 502.0 503.0 515574.0
469599 284.870976567 323.171142936 2.21104576346e-05 285.0 323.0 331037.0
469599 874.75992763 806.061365247 1.22344894614e-05 875.0 806.0 826219.0
469599 512.144250512 512.185657859 0.00103271947782 512.0 512.0 524800.0
469600 512.785743117 512.095192552 0.00098546594422 513.0 512.0 524801.0
469600 502.054962039 502.443786979 0.00100444038207 502.0 502.0 514550.0
469601 481.451502919 540.01349771 1.21679781752e-05 481.0 540.0 553441.0
469601 502.135115743 502.630734801 0.00101062507008 502.0 503.0 515574.0
469601 512.937895417 512.226904511 0.000974981544495 513.0 512.0 524801.0
469602 747.494188905 932.96237123 8.10171670856e-06 747.0 933.0 956139.0
469602 502.313440204 502.82267797 0.00103315334574 502.0 503.0 515574.0
469602 384.612373948 877.054683566 1.39361866284e-05 385.0 877.0 898433.0
469602 512.974241853 512.52534616 0.00096468613944 513.0 513.0 525825.0
469603 502.565417647 502.912521005 0.000997832553076 503.0 503.0 515575.0
469603 117.360682368 769.44667232 6.54846948437e-05 117.0 769.0 787573.0
469603 512.896723628 512.451731563 0.00103091834366 513.0 512.0 524801.0
469604 838.824235559 139.154533505 2.46117122057e-06 839.0 139.0 143175.0
469604 512.440805316 512.610528588 0.000994860808319 512.0 513.0 525824.0
469604 502.236790061 502.839816213 0.00104714881477 502.0 503.0 515574.0
469605 225.522321582 929.792190194 8.47259941343e-06 226.0 930.0 952546.0
469605 502.150347829 502.524973035 0.00100113804306 502.0 503.0 515574.0
469605 512.476439834 512.091998696 0.00101104240059 512.0 512.0 524800.0
469606 556.9351722 58.6727939844 6.09206287944e-05 557.0 59.0 60973.0
469606 502.600988507 502.577552915 0.000968244130086 503.0 503.0 515575.0
469606 512.848910689 512.160545707 0.00101245640608 513.0 512.0 524801.0
469607 512.733133912 512.044451118 0.00101946698821 513.0 512.0 524801.0
469607 412.6114465 134.480202794 2.6627819656e-06 413.0 134.0 137629.0
469607 754.288256526 930.492200971 1.63937676343e-05 754.0 930.0 953074.0
469607 502.324927449 502.497424483 0.00103422708655 502.0 502.0 514550.0
469608 312.684384227 763.283959031 1.28254621288e-07 313.0 763.0 781625.0
469608 502.60462153 502.470774055 0.00097755983509 503.0 502.0 514551.0
469608 512.860003114 512.175999045 0.00101520575599 513.0 512.0 524801.0
469609 512.900497079 512.079781413 0.00103830699342 513.0 512.0 524801.0
469609 502.793086886 502.410998702 0.000963061812024 503.0 502.0 514551.0
469610 1007.80972207 288.562001348 1.00250333868e-05 1008.0 289.0 296944.0
469610 502.637438893 502.516488671 0.000966714345841 503.0 503.0 515575.0
469610 512.728632092 512.286576152 0.000964183789197 513.0 512.0 524801.0
469611 69.9184986353 316.485914111 7.81286683431e-06 70.0 316.0 323654.0
469611 548.295606017 495.069049239 4.91640950988e-05 548.0 495.0 507428.0
469611 78.2938405275 261.736982942 2.24830215602e-05 78.0 262.0 268366.0
469611 502.608358502 502.278696418 0.0010446309309 503.0 502.0 514551.0
469611 512.78730309 512.016303182 0.000964246603963 513.0 512.0 524801.0
469612 4.36698949337 411.17038095 2.18975448849e-06 4.0 411.0 420868.0
469612 502.151628137 502.778918386 0.00101656696492 502.0 503.0 515574.0
469612 512.926627278 512.314957261 0.000987179111816 513.0 512.0 524801.0
469613 195.251969934 455.712806344 7.84975241174e-06 195.0 456.0 467139.0
469613 512.854699492 512.056714177 0.000997496092675 513.0 512.0 524801.0
469613 502.050949931 502.071028829 0.000993944241915 502.0 502.0 514550.0
469614 512.971421838 512.237181544 0.00101530166794 513.0 512.0 524801.0
469614 210.258382916 30.1469205618 3.58740669922e-05 210.0 30.0 30930.0
469614 502.560665488 502.857124209 0.000955066311608 503.0 503.0 515575.0
469615 512.715241551 512.760767817 0.00103491740159 513.0 513.0 525825.0
469615 110.817325473 449.9960078 4.84674609787e-06 111.0 450.0 460911.0
469615 502.388301015 502.923575997 0.000991098215968 502.0 503.0 515574.0
469615 39.5925880671 28.8698743582 2.04486769945e-05 40.0 29.0 29736.0
469616 233.99260962 469.822216153 9.46280115892e-06 234.0 470.0 481514.0
469616 512.75849092 512.367499948 0.000975319666507 513.0 512.0 524801.0
469616 502.716685176 502.815413356 0.000982408298573 503.0 503.0 515575.0
469617 512.570639014 512.283923745 0.000970006665265 513.0 512.0 524801.0
469617 502.528848052 502.964336276 0.00100426735693 503.0 503.0 515575.0
469618 512.914874673 512.426894784 0.00103502272984 513.0 512.0 524801.0
469618 502.623627782 502.66730535 0.000958517941281 503.0 503.0 515575.0
469619 186.412379861 123.875317454 7.73119857999e-05 186.0 124.0 127162.0
469619 512.719076514 512.103989959 0.00100971222508 513.0 512.0 524801.0
469619 502.166369796 502.275807261 0.00101169569351 502.0 502.0 514550.0
469620 512.848086238 512.656096816 0.00101307989521 513.0 513.0 525825.0
469620 890.074917674 620.605897784 2.09034702641e-05 890.0 621.0 636794.0
469620 205.146334529 817.369057298 3.00745112922e-05 205.0 817.0 836813.0
469620 502.086385608 502.661367059 0.000974273638535 502.0 503.0 515574.0
469621 502.222897172 502.496214509 0.000996085939571 502.0 502.0 514550.0
469621 338.536394954 235.596856475 8.96388153858e-07 339.0 236.0 242003.0
469621 884.315839648 235.806067348 1.92317480472e-05 884.0 236.0 242548.0
469621 381.283301711 1022.37414205 8.93439451935e-06 381.0 1022.0 1046909.0
469621 512.93659699 512.309084773 0.00100578890557 513.0 512.0 524801.0
469622 502.441718459 502.55306375 0.00103723641007 502.0 503.0 515574.0
469622 512.618821025 512.218485475 0.00100492567362 513.0 512.0 524801.0
469623 728.97885406 980.450057387 1.87371228111e-05 729.0 980.0 1004249.0
469623 962.169968486 512.571281314 5.86789134889e-06 962.0 513.0 526274.0
469623 502.687258363 502.108870387 0.00101080984046 503.0 502.0 514551.0
469623 512.957440495 512.030920863 0.000993030900848 513.0 512.0 524801.0
469624 512.990211844 512.308930755 0.000992100277822 513.0 512.0 524801.0
469624 502.494023919 502.912184119 0.00101430348819 502.0 503.0 515574.0
469625 512.848641276 512.645487905 0.00101169965982 513.0 513.0 525825.0
469625 502.846171498 502.75693357 0.000983055014758 503.0 503.0 515575.0
469626 146.403493524 891.38569057 5.05102703578e-05 146.0 891.0 912530.0
469626 502.626497149 502.530532718 0.00102103133737 503.0 503.0 515575.0
469626 512.897518039 512.11672771 0.00102061515625 513.0 512.0 524801.0
469627 478.092179656 770.146274686 7.52153377559e-06 478.0 770.0 788958.0
469627 224.816373706 905.644906163 9.06126511831e-07 225.0 906.0 927969.0
469627 512.688115239 512.158273578 0.000957087827967 513.0 512.0 524801.0
469627 502.678167224 502.774962544 0.00102700064578 503.0 503.0 515575.0
469627 828.144174695 524.857822776 1.18470847556e-05 828.0 525.0 538428.0
469628 502.397423387 502.793374181 0.00101630456365 502.0 503.0 515574.0
469628 512.555669665 512.657541633 0.00101981714627 513.0 513.0 525825.0
469629 512.921894193 512.105267406 0.000975812823703 513.0 512.0 524801.0
469629 502.49304831 502.825713754 0.000979983199856 502.0 503.0 515574.0
469630 502.448187232 502.766919732 0.00103113410515 502.0 503.0 515574.0
469630 512.867071986 512.046324372 0.0010212892964 513.0 512.0 524801.0
469631 512.908365607 512.277917504 0.00099652695466 513.0 512.0 524801.0
469631 502.121427178 502.345583797 0.00102540472413 502.0 502.0 514550.0
469632 512.843686938 512.791069865 0.000990432867345 513.0 513.0 525825.0
469632 276.099936128 217.700471282 1.73448190298e-05 276.0 218.0 223508.0
469632 502.199005008 502.845398784 0.00102779304995 502.0 503.0 515574.0
469632 264.894198537 706.140890718 2.6011125175e-06 265.0 706.0 723209.0
469633 512.870292306 512.5909518 0.000979089663849 513.0 513.0 525825.0
469633 6.34412276745 114.007638574 8.9479730179e-06 6.0 114.0 116742.0
469633 502.226841569 502.882849574 0.00102685415822 502.0 503.0 515574.0
469634 502.054566979 502.398083806 0.000928632886085 502.0 502.0 514550.0
469634 773.614244819 664.806659102 2.54286931065e-05 774.0 665.0 681734.0
469634 341.337624431 662.600743413 1.0591898234e-06 341.0 663.0 679253.0
469634 512.543166518 512.293433547 0.000977717299636 513.0 512.0 524801.0
469635 502.362974286 502.782424569 0.00108049816046 502.0 503.0 515574.0
469635 512.702206969 512.594862342 0.00105015652832 513.0 513.0 525825.0
469635 961.449180961 532.869598269 5.7083975279e-06 961.0 533.0 546753.0
469636 512.875347018 512.319079757 0.000957790675704 513.0 512.0 524801.0
469636 502.342237592 502.579208493 0.000976339816435 502.0 503.0 515574.0
469637 369.384110808 204.640497327 2.60939026734e-06 369.0 205.0 210289.0
469637 512.236551404 512.628583074 0.000974355673429 512.0 513.0 525824.0
469637 502.078437924 502.697401166 0.00101958802132 502.0 503.0 515574.0
469638 524.774743915 174.606959224 3.27222821545e-06 525.0 175.0 179725.0
469638 502.477820754 502.706478953 0.00101875346749 502.0 503.0 515574.0
469638 512.885016322 512.325566411 0.000976196532596 513.0 512.0 524801.0
469639 502.227196574 502.602607846 0.000966654349941 502.0 503.0 515574.0
469639 512.476478696 512.081222415 0.000986163075442 512.0 512.0 524800.0
469640 502.550577998 502.35997808 0.00101868647777 503.0 502.0 514551.0
469640 512.735835195 512.248445153 0.00103437509488 513.0 512.0 524801.0
469641 502.652035356 502.435988307 0.000975984612724 503.0 502.0 514551.0
469641 512.803211808 512.069518924 0.00102670151998 513.0 512.0 524801.0
469641 15.984713912 576.945070386 4.48118523742e-06 16.0 577.0 590864.0
469642 512.847960353 512.453407168 0.00100969206131 513.0 512.0 524801.0
469642 502.684335113 502.66046083 0.000994300151875 503.0 503.0 515575.0
469643 502.682011485 502.856506705 0.00101144564842 503.0 503.0 515575.0
469643 512.874863744 512.134714007 0.00101887399715 513.0 512.0 524801.0
469644 512.749330401 512.443184257 0.00100978374014 513.0 512.0 524801.0
469644 502.392771125 502.690417171 0.00097278313374 502.0 503.0 515574.0
469645 502.492857814 502.292641282 0.000986873521836 502.0 502.0 514550.0
469645 504.347037673 31.0130800009 1.46789888743e-05 504.0 31.0 32248.0
469645 512.626771569 512.263973594 0.00101638040706 513.0 512.0 524801.0
469646 502.283570409 502.516710877 0.00102168078349 502.0 503.0 515574.0
469646 512.4504565 512.496334434 0.0010033555341 512.0 512.0 524800.0
469647 507.3853091 1000.27728093 1.57027472375e-05 507.0 1000.0 1024507.0
469647 502.623172641 502.545973182 0.00106433282018 503.0 503.0 515575.0
469647 512.718611121 512.052026153 0.00103277120678 513.0 512.0 524801.0
469648 65.9780687094 587.925579667 1.3934078803e-05 66.0 588.0 602178.0
469648 153.281778455 830.179613233 2.01122559626e-05 153.0 830.0 850073.0
469648 705.961773038 666.679725289 6.73098808857e-06 706.0 667.0 683714.0
469648 34.7830508947 425.522810102 1.56739324988e-06 35.0 426.0 436259.0
469648 502.09247911 502.523229241 0.000977688880121 502.0 503.0 515574.0
469648 512.334362388 512.186598659 0.000941939661838 512.0 512.0 524800.0
469649 512.879421353 512.057320476 0.00103585486777 513.0 512.0 524801.0
469649 502.774072766 502.107019305 0.000985411215152 503.0 502.0 514551.0
469650 691.596588016 380.299629807 4.3789517992e-06 692.0 380.0 389812.0
469650 502.634055257 502.753667235 0.00103892619292 503.0 503.0 515575.0
469650 512.66802752 512.617211223 0.00102789331033 513.0 513.0 525825.0
469650 501.963280082 1011.54291832 2.91106334129e-07 502.0 1012.0 1036790.0
469651 502.653702855 502.660286307 0.000994522645647 503.0 503.0 515575.0
469651 292.405558705 950.378601193 2.27576447118e-05 292.0 950.0 973092.0
469651 512.666078687 512.2647506 0.00101226045382 513.0 512.0 524801.0
469651 1019.58985722 304.056251645 2.06439632569e-06 1020.0 304.0 312316.0
469652 502.073870301 502.95846498 0.00100855495834 502.0 503.0 515574.0
469652 512.797817111 512.804690003 0.00100790956791 513.0 513.0 525825.0
469653 512.525214076 512.214182496 0.00102594340099 513.0 512.0 524801.0
469653 502.119235873 502.827737451 0.00103100159085 502.0 503.0 515574.0
469653 570.708310246 898.618675351 1.4374666972e-05 571.0 899.0 921147.0
469653 248.781643033 105.206941962 3.31424460263e-05 249.0 105.0 107769.0
469653 147.285098195 533.231297374 6.09224605682e-05 147.0 533.0 545939.0
469654 502.103594422 502.366778016 0.00102791708022 502.0 502.0 514550.0
469654 432.319079518 241.191486001 6.6788058329e-06 432.0 241.0 247216.0
469654 512.895635486 512.319308877 0.00107320584445 513.0 512.0 524801.0
469655 502.15542829 502.867306113 0.000989238961606 502.0 503.0 515574.0
469655 512.999584556 512.168238997 0.00100211924675 513.0 512.0 524801.0
469655 844.315291762 81.8421119452 4.42400209132e-05 844.0 82.0 84812.0
469656 512.630491138 512.088714004 0.000964810922164 513.0 512.0 524801.0
469656 710.801526666 595.503626704 1.06012882628e-05 711.0 596.0 611015.0
469656 400.391390681 713.641583085 1.64168750839e-06 400.0 714.0 731536.0
469656 502.135193229 502.842423081 0.00103393135294 502.0 503.0 515574.0
469657 502.531282067 502.77699697 0.000969169430127 503.0 503.0 515575.0
