k x y F u v cell
951160 512.90332067 512.323901296 0.000969259852391 513.0 512.0 524801.0
951160 498.896211267 510.097790122 0.00101742903941 499.0 510.0 522739.0
951161 197.508370757 433.433570743 1.81351978336e-05 198.0 433.0 443590.0
951161 333.944816709 979.892800212 2.09482817571e-05 334.0 980.0 1003854.0
951161 844.682748199 410.070597768 3.81663353244e-06 845.0 410.0 420685.0
951161 512.972126126 512.914527059 0.000989750874464 513.0 513.0 525825.0
951161 498.615115523 510.779852509 0.000996031399656 499.0 511.0 523763.0
951162 498.283236384 510.57940352 0.00104866630328 498.0 511.0 523762.0
951162 512.849996686 512.868936419 0.00100599979754 513.0 513.0 525825.0
951162 241.368618131 373.033888459 4.73086665922e-06 241.0 373.0 382193.0
951163 135.691409469 71.8981536627 6.06664628906e-06 136.0 72.0 73864.0
951163 498.076429248 510.11091888 0.000987581592678 498.0 510.0 522738.0
951163 802.832174182 373.676696181 1.5672360361e-05 803.0 374.0 383779.0
951163 512.586494803 512.804547906 0.00100351919011 513.0 513.0 525825.0
951164 512.874071956 512.564630389 0.00102057740955 513.0 513.0 525825.0
951164 498.347692609 510.389715314 0.00102217533122 498.0 510.0 522738.0
951164 987.119523883 466.60907352 3.7600554122e-06 987.0 467.0 479195.0
951165 498.563139558 510.004753947 0.00102223122732 499.0 510.0 522739.0
951165 512.599577308 512.935188413 0.00101600967345 513.0 513.0 525825.0
951165 310.352595925 46.1724022627 3.26816830559e-05 310.0 46.0 47414.0
951166 498.2422539 510.521155953 0.00102983192149 498.0 511.0 523762.0
951166 960.330181003 626.126461387 1.9086663222e-05 960.0 626.0 641984.0
951166 495.720235705 880.899151921 1.9244621102e-05 496.0 881.0 902640.0
951166 512.988473535 512.585543036 0.00104048083747 513.0 513.0 525825.0
951167 512.955718875 512.384349942 0.00105373347833 513.0 512.0 524801.0
951167 498.440520883 510.004784942 0.00102133382449 498.0 510.0 522738.0
951168 498.110059619 510.577075839 0.00102807434438 498.0 511.0 523762.0
951168 512.815147758 512.79865253 0.00108179902106 513.0 513.0 525825.0
951169 927.012143254 698.774745345 2.09753776298e-05 927.0 699.0 716703.0
951169 498.583477855 510.078237653 0.00104501052988 499.0 510.0 522739.0
951169 512.590069175 512.733723998 0.0010080055865 513.0 513.0 525825.0
951170 427.680092931 66.4668534994 9.15647838004e-07 428.0 66.0 68012.0
951170 512.745322824 512.771304011 0.00102941366841 513.0 513.0 525825.0
951170 498.695078492 510.131114841 0.00100526133265 499.0 510.0 522739.0
951171 1004.12236226 366.123422265 1.32678532411e-05 1004.0 366.0 375788.0
951171 821.503802419 698.52846086 3.20911805169e-05 822.0 699.0 716598.0
951171 512.012688279 512.689266562 0.00107517101716 512.0 513.0 525824.0
951171 498.006681323 510.072055936 0.000988361378652 498.0 510.0 522738.0
951172 498.850471616 510.400528789 0.00106552668501 499.0 510.0 522739.0
951172 721.809349895 966.002763391 1.00566088356e-05 722.0 966.0 989906.0
951172 458.290600657 969.94060266 9.65697189575e-05 458.0 970.0 993738.0
951172 512.984491706 512.692804694 0.0010778773307 513.0 513.0 525825.0
951173 498.728178144 510.34268415 0.00105401261206 499.0 510.0 522739.0
951173 512.961318612 512.742460132 0.000988551799355 513.0 513.0 525825.0
951174 767.814214826 621.933040977 8.05927705235e-06 768.0 622.0 637696.0
951174 251.411689878 765.096209645 4.63519899311e-05 251.0 765.0 783611.0
951174 512.930724502 512.726454377 0.000993184079712 513.0 513.0 525825.0
951174 639.312635064 54.6737405062 3.37888046992e-06 639.0 55.0 56959.0
951174 498.815029502 510.67775476 0.00100724400768 499.0 511.0 523763.0
951175 512.692724347 512.219613671 0.000977024398813 513.0 512.0 524801.0
951175 498.178496003 510.209674478 0.000975012270402 498.0 510.0 522738.0
951176 510.988492131 303.838394284 2.97136753077e-05 511.0 304.0 311807.0
951176 498.637357593 510.411661506 0.00105564945199 499.0 510.0 522739.0
951176 1021.6563822 641.227572322 1.42795374488e-05 1022.0 641.0 657406.0
951176 512.76182878 512.9060179 0.00106310342805 513.0 513.0 525825.0
951177 512.917375922 512.38891089 0.00105084834002 513.0 512.0 524801.0
951177 228.584304214 1018.42605746 2.25252268431e-05 229.0 1018.0 1042661.0
951177 498.740651965 510.27589047 0.00106116576125 499.0 510.0 522739.0
951178 498.444013 510.626913667 0.00100834120509 498.0 511.0 523762.0
951178 512.692300439 512.86561358 0.00107276893461 513.0 513.0 525825.0
951179 539.017053723 295.056422114 1.7691915677e-05 539.0 295.0 302619.0
951179 498.119297624 510.245689034 0.00107186794785 498.0 510.0 522738.0
951179 512.786766648 512.848547339 0.00097468770221 513.0 513.0 525825.0
951180 498.423597217 510.296443582 0.00102585578567 498.0 510.0 522738.0
951180 283.615314126 640.524649978 1.18329949774e-06 284.0 641.0 656668.0
951180 512.490683436 512.734951615 0.000984407903372 512.0 513.0 525824.0
951180 876.712443233 271.63684094 1.37620872792e-06 877.0 272.0 279405.0
951181 511.848719239 512.68710506 0.00102367314758 512.0 513.0 525824.0
951181 666.963371873 17.26955688 2.21801421298e-05 667.0 17.0 18075.0
951181 498.267694592 510.04422605 0.000976380595526 498.0 510.0 522738.0
951181 191.707571864 238.166217446 5.47171484578e-06 192.0 238.0 243904.0
951182 512.761206269 512.844961762 0.000998156134626 513.0 513.0 525825.0
951182 498.270365357 510.652344108 0.00102781319023 498.0 511.0 523762.0
951183 498.880034804 510.128765702 0.00106281267524 499.0 510.0 522739.0
951183 333.433607697 812.489325404 6.44983183438e-05 333.0 812.0 831821.0
951183 512.948283792 512.491778255 0.00100468359941 513.0 512.0 524801.0
951184 863.211170554 378.738519073 5.64067207356e-06 863.0 379.0 388959.0
951184 498.246344447 510.396492362 0.00105942468655 498.0 510.0 522738.0
951184 512.793177485 512.453908086 0.00107607286268 513.0 512.0 524801.0
951185 498.149499536 510.194018722 0.000983582394423 498.0 510.0 522738.0
951185 512.186391711 512.434270024 0.00103622525767 512.0 512.0 524800.0
951185 898.500363231 814.722997546 6.12832504681e-06 899.0 815.0 835459.0
951186 355.219581962 301.756028771 1.06058086463e-05 355.0 302.0 309603.0
951186 512.773369431 512.451339126 0.00100104847128 513.0 512.0 524801.0
951186 498.58563602 510.381456733 0.0010338941469 499.0 510.0 522739.0
951187 512.662310243 512.722143054 0.00100549183078 513.0 513.0 525825.0
951187 498.582347035 510.384814382 0.000982650730572 499.0 510.0 522739.0
951188 498.254373431 510.672088027 0.00102849027925 498.0 511.0 523762.0
951188 512.306388497 512.731003404 0.00103321701416 512.0 513.0 525824.0
951189 512.766159415 512.810427547 0.00101794775161 513.0 513.0 525825.0
951189 498.355471492 510.348880649 0.000988865146069 498.0 510.0 522738.0
951190 18.5902768373 898.298075318 7.99347294674e-05 19.0 898.0 919571.0
951190 512.909483314 512.844904065 0.00105736538589 513.0 513.0 525825.0
951190 498.744351983 510.563003898 0.000988655395967 499.0 511.0 523763.0
951191 512.988793254 512.997991443 0.0010038251598 513.0 513.0 525825.0
951191 498.519303203 510.149943233 0.0010399634281 499.0 510.0 522739.0
951192 498.10550797 510.929227471 0.00108586848011 498.0 511.0 523762.0
951192 512.239691854 512.987522721 0.00102024854648 512.0 513.0 525824.0
951193 512.958265662 512.24082458 0.00102654345808 513.0 512.0 524801.0
951193 498.729588151 510.063470006 0.00108010736762 499.0 510.0 522739.0
951194 900.619291425 845.394637704 5.8297291752e-05 901.0 845.0 866181.0
951194 498.115275741 510.035123467 0.000994423267464 498.0 510.0 522738.0
951194 512.949896216 512.336906314 0.00101819051461 513.0 512.0 524801.0
951194 270.985277295 1001.65736878 7.65329084288e-06 271.0 1002.0 1026319.0
951195 498.190367579 510.138228059 0.00103824846651 498.0 510.0 522738.0
951195 512.708540082 512.679561496 0.000996424863816 513.0 513.0 525825.0
951196 498.42816937 510.005802274 0.00104028059995 498.0 510.0 522738.0
951196 227.346658349 937.611570477 3.16417104073e-05 227.0 938.0 960739.0
951196 512.672049165 512.069536805 0.00101409608475 513.0 512.0 524801.0
951197 512.997616172 512.715028167 0.000991661156151 513.0 513.0 525825.0
951197 498.846330523 510.307521462 0.00104654569234 499.0 510.0 522739.0
951198 498.381189227 510.510056853 0.0010071537272 498.0 511.0 523762.0
951198 512.726475835 512.685820222 0.00102193390484 513.0 513.0 525825.0
951199 512.367079616 512.801622748 0.00103913081656 512.0 513.0 525824.0
951199 498.115651727 510.711418748 0.00105170093207 498.0 511.0 523762.0
951200 213.438884377 140.362267852 7.41804333755e-06 213.0 140.0 143573.0
951200 498.033468127 510.035894275 0.0010019414228 498.0 510.0 522738.0
951200 512.079013467 512.45464623 0.00101835028006 512.0 512.0 524800.0
951201 498.592223287 510.835832 0.00103572471491 499.0 511.0 523763.0
951201 512.733978629 512.853850245 0.000999545003348 513.0 513.0 525825.0
951201 927.298211455 547.156591535 1.07970261529e-05 927.0 547.0 561055.0
951202 498.140122771 510.061500669 0.000994979406817 498.0 510.0 522738.0
951202 512.919822335 512.13918364 0.00101903363528 513.0 512.0 524801.0
951203 498.34366405 510.007862449 0.000981069884565 498.0 510.0 522738.0
951203 715.123465896 121.578680396 9.64798393815e-06 715.0 122.0 125643.0
951203 512.348276258 512.342813611 0.0010119933622 512.0 512.0 524800.0
951204 240.906422019 407.962013125 2.78573610136e-06 241.0 408.0 418033.0
951204 512.785667062 512.967416883 0.000997443049928 513.0 513.0 525825.0
951204 1007.95464337 835.424101233 9.28353929483e-07 1008.0 835.0 856048.0
951204 137.666104913 480.317308068 4.32050465118e-06 138.0 480.0 491658.0
951204 498.543497682 510.62217176 0.0010625055691 499.0 511.0 523763.0
951205 512.424096227 512.240825057 0.00103776393208 512.0 512.0 524800.0
951205 498.117426038 510.215362191 0.00102288062363 498.0 510.0 522738.0
951206 498.119167447 510.172793746 0.000985034259081 498.0 510.0 522738.0
951206 512.360429883 512.683333755 0.00102886257522 512.0 513.0 525824.0
951206 806.025194049 609.242950559 1.63271194204e-06 806.0 609.0 624422.0
951207 512.94571054 512.529305577 0.0010194102056 513.0 513.0 525825.0
951207 498.24145472 510.441405892 0.00102290369965 498.0 510.0 522738.0
951208 498.301250815 510.21566093 0.00100748010171 498.0 510.0 522738.0
951208 512.982138038 512.343221784 0.00101220127966 513.0 512.0 524801.0
951208 815.916561723 734.696684003 4.41947387636e-06 816.0 735.0 753456.0
951209 921.115207553 547.258140922 1.68873922475e-05 921.0 547.0 561049.0
951209 512.839186549 512.764875054 0.000992952221679 513.0 513.0 525825.0
951209 498.135382056 510.535428882 0.00102377170211 498.0 511.0 523762.0
951210 498.708900094 510.086309314 0.00101508423251 499.0 510.0 522739.0
951210 512.892998099 512.637656093 0.00102905429973 513.0 513.0 525825.0
951211 512.824304223 512.836013675 0.000985461224758 513.0 513.0 525825.0
951211 498.531089425 510.262241721 0.000993765661222 499.0 510.0 522739.0
951212 374.044059873 851.975526452 6.86996281843e-06 374.0 852.0 872822.0
951212 498.594782233 510.450176358 0.00101402115523 499.0 510.0 522739.0
951212 512.918835759 512.529037833 0.00100567699935 513.0 513.0 525825.0
951212 117.833502889 926.798514485 2.9567130672e-05 118.0 927.0 949366.0
951213 512.487799764 512.083057523 0.00103219725132 512.0 512.0 524800.0
951213 498.201922297 510.057373881 0.00101057089239 498.0 510.0 522738.0
951214 498.315372348 510.029342055 0.000963508906748 498.0 510.0 522738.0
951214 512.733885169 512.993897557 0.00101284915943 513.0 513.0 525825.0
951214 989.931794763 358.034047008 1.54515206634e-05 990.0 358.0 367582.0
951214 977.087626338 875.149093509 3.60095903349e-05 977.0 875.0 896977.0
951215 512.433000445 512.748292089 0.00104568730943 512.0 513.0 525824.0
951215 717.917726874 733.463722825 3.8058927907e-05 718.0 733.0 751310.0
951215 498.400483727 510.632546067 0.00103493849457 498.0 511.0 523762.0
951216 498.688440681 510.527278543 0.00103532770724 499.0 511.0 523763.0
951216 512.968886256 512.735116363 0.0010243653188 513.0 513.0 525825.0
951217 498.011936784 510.088577151 0.00103919884044 498.0 510.0 522738.0
951217 512.601631761 512.920087218 0.00100844603543 513.0 513.0 525825.0
951218 512.616982579 512.98898375 0.0010749486696 513.0 513.0 525825.0
951218 498.359102845 510.682511687 0.00103428472932 498.0 511.0 523762.0
951219 498.457934976 510.326018691 0.00105606115443 498.0 510.0 522738.0
951219 512.816991687 512.732171655 0.00104946055542 513.0 513.0 525825.0
951219 653.719302058 386.88430202 3.23171165892e-05 654.0 387.0 396942.0
951220 512.861160159 512.94711411 0.00104220747061 513.0 513.0 525825.0
951220 498.704984784 510.601565719 0.00101255807627 499.0 511.0 523763.0
951221 498.865639091 510.55823648 0.000992625309439 499.0 511.0 523763.0
951221 512.97070086 512.589876294 0.00100842136923 513.0 513.0 525825.0
951222 512.492896914 512.848644137 0.00102144442546 512.0 513.0 525824.0
951222 498.423014045 510.422743201 0.000973545882739 498.0 510.0 522738.0
951222 718.497284293 677.38221705 2.20053311369e-05 718.0 677.0 693966.0
951223 498.357447743 510.369877696 0.00100968168079 498.0 510.0 522738.0
951223 206.142320275 553.567106843 1.06769372636e-06 206.0 554.0 567502.0
951223 512.441476464 512.424254537 0.00106233760259 512.0 512.0 524800.0
951224 512.770339131 512.946228862 0.00100129232606 513.0 513.0 525825.0
951224 120.171158195 847.061770082 9.68754841472e-07 120.0 847.0 867448.0
951224 498.24272716 510.202311873 0.0010065178346 498.0 510.0 522738.0
951225 498.70227015 510.421367526 0.00104312482535 499.0 510.0 522739.0
951225 512.950122714 512.463360667 0.00104305142223 513.0 512.0 524801.0
951226 498.563251138 510.057880759 0.00104980825013 499.0 510.0 522739.0
951226 512.947595 512.58354342 0.0010406602812 513.0 513.0 525825.0
951227 512.949746251 512.578877091 0.00104839422873 513.0 513.0 525825.0
951227 279.798850179 654.643009067 3.2447991242e-05 280.0 655.0 671000.0
951227 498.010551095 510.304836631 0.00106454449796 498.0 510.0 522738.0
951227 295.890141606 519.464793563 2.68053205246e-06 296.0 519.0 531752.0
951228 512.855194688 512.661566615 0.00101953837452 513.0 513.0 525825.0
951228 263.709709525 920.230398059 1.52870568894e-05 264.0 920.0 942344.0
951228 498.655471206 510.077969909 0.00102011193651 499.0 510.0 522739.0
951228 578.314309001 17.2883247137 3.15922113465e-05 578.0 17.0 17986.0
951229 123.679872394 50.2066715956 5.41494538806e-05 124.0 50.0 51324.0
951229 992.542851329 989.682029843 8.2265873775e-06 993.0 990.0 1014753.0
951229 498.41046083 510.109592557 0.001028701446 498.0 510.0 522738.0
951229 512.941364646 512.523315072 0.00102742873129 513.0 513.0 525825.0
951230 512.65805614 512.210446954 0.00101354899403 513.0 512.0 524801.0
951230 498.56797874 510.057452559 0.001080626825 499.0 510.0 522739.0
951231 498.055836558 510.344316125 0.00102793999233 498.0 510.0 522738.0
951231 512.47146666 512.872620702 0.00102601558724 512.0 513.0 525824.0
951232 512.70004499 512.815383315 0.00103669319533 513.0 513.0 525825.0
951232 498.054694533 510.725357413 0.00102037266455 498.0 511.0 523762.0
951233 188.618776202 477.30463469 4.61489901418e-06 189.0 477.0 488637.0
951233 512.973362565 512.194173217 0.00100618336939 513.0 512.0 524801.0
951233 498.382830024 510.168691516 0.00103206788016 498.0 510.0 522738.0
951234 512.760031819 512.777545094 0.00102117616811 513.0 513.0 525825.0
951234 27.1224838495 926.294220805 1.17384777442e-05 27.0 926.0 948251.0
951234 498.064224362 510.762631297 0.000988528618075 498.0 511.0 523762.0
951235 512.663790345 512.900785327 0.00105032876036 513.0 513.0 525825.0
951235 498.12364018 510.445667386 0.00101150227765 498.0 510.0 522738.0
951236 498.293866515 510.124598384 0.0010015273785 498.0 510.0 522738.0
951236 512.78856051 512.807026267 0.00100215902604 513.0 513.0 525825.0
951236 577.322810531 151.715314507 1.00503735854e-05 577.0 152.0 156225.0
951237 498.548245549 510.130720258 0.00104136280666 499.0 510.0 522739.0
951237 512.814668059 512.191776633 0.00102432545251 513.0 512.0 524801.0
951237 1005.04350483 808.177966237 7.69984700372e-05 1005.0 808.0 828397.0
951238 498.145792842 510.276498675 0.00105497900473 498.0 510.0 522738.0
951238 512.23665297 512.306144834 0.000977518838353 512.0 512.0 524800.0
951239 512.123225093 512.52769196 0.000982129115627 512.0 513.0 525824.0
951239 498.007240891 510.12889564 0.00106880634074 498.0 510.0 522738.0
951240 512.977327466 512.412051082 0.00102917606887 513.0 512.0 524801.0
951240 498.493990541 510.326110959 0.00102364876249 498.0 510.0 522738.0
951241 512.959109426 512.884786725 0.00107417544234 513.0 513.0 525825.0
951241 498.469841838 510.393980622 0.0010346091359 498.0 510.0 522738.0
951242 512.853729606 512.851942658 0.000981857327498 513.0 513.0 525825.0
951242 498.708208203 510.83011353 0.00100435228124 499.0 511.0 523763.0
951243 225.731211543 248.814808249 3.19370714767e-05 226.0 249.0 255202.0
951243 498.229400516 510.177105069 0.00101629361401 498.0 510.0 522738.0
951243 512.933302045 512.529997945 0.00104339165164 513.0 513.0 525825.0
951244 512.705851912 512.869320035 0.00102138941768 513.0 513.0 525825.0
951244 498.66987288 510.696516633 0.00108543842302 499.0 511.0 523763.0
951245 498.169987082 510.110364318 0.00101165876683 498.0 510.0 522738.0
951245 512.529730201 512.595599532 0.00103344859227 513.0 513.0 525825.0
951245 639.839592576 680.806102157 2.56476310343e-05 640.0 681.0 697984.0
951246 498.198251605 510.124445796 0.00102497782671 498.0 510.0 522738.0
951246 569.528435111 785.316192746 5.65076221018e-06 570.0 785.0 804410.0
951246 512.55589354 512.898833871 0.00101819347207 513.0 513.0 525825.0
951246 655.566172004 373.576762319 4.38990712084e-07 656.0 374.0 383632.0
951247 512.804512143 512.18033278 0.00101710096853 513.0 512.0 524801.0
951247 498.299175382 510.149743199 0.00104045655982 498.0 510.0 522738.0
951247 532.215777993 638.771936297 9.83789199062e-06 532.0 639.0 654868.0
951248 498.135253787 510.08717525 0.00103767744805 498.0 510.0 522738.0
951248 512.358015895 512.787493587 0.00102494087069 512.0 513.0 525824.0
951249 728.838400483 316.965801597 2.71545181004e-05 729.0 317.0 325337.0
951249 498.145130754 510.614653945 0.00101335238108 498.0 511.0 523762.0
951249 512.166986585 512.953205943 0.00101128784275 512.0 513.0 525824.0
951249 704.814453244 60.792642951 1.01204143741e-05 705.0 61.0 63169.0
951250 498.885436654 510.265561223 0.00103662618931 499.0 510.0 522739.0
951250 512.989285588 512.503019691 0.00104200411544 513.0 513.0 525825.0
951251 498.883607507 510.181979299 0.00103460494182 499.0 510.0 522739.0
951251 512.957731128 512.462798953 0.00104279460577 513.0 512.0 524801.0
951251 283.129054666 617.947375417 1.59124599472e-05 283.0 618.0 633115.0
951252 498.488853574 510.279498458 0.000965834202263 498.0 510.0 522738.0
951252 512.611073136 512.901589751 0.00105435847098 513.0 513.0 525825.0
951253 512.599087834 512.91351974 0.000995283538841 513.0 513.0 525825.0
951253 498.451531768 510.045640588 0.00102789839215 498.0 510.0 522738.0
951254 498.081242204 510.0650388 0.00106703024377 498.0 510.0 522738.0
951254 512.692408442 512.914406419 0.00103421630845 513.0 513.0 525825.0
951255 512.712940097 512.711456418 0.00102290826832 513.0 513.0 525825.0
951255 498.200016618 510.585499883 0.00100188337472 498.0 511.0 523762.0
951256 512.088986278 512.626644254 0.00100813736243 512.0 513.0 525824.0
951256 758.421671748 235.947127223 2.00992280433e-06 758.0 236.0 242422.0
951256 498.01321876 510.600304246 0.00104878600625 498.0 511.0 523762.0
951257 512.487777591 512.967482448 0.00102143439277 512.0 513.0 525824.0
951257 498.048476577 510.139450431 0.00104313883257 498.0 510.0 522738.0
951257 280.759584546 91.4183760881 2.14931055825e-05 281.0 91.0 93465.0
951258 348.332467437 718.301697612 4.47433539435e-05 348.0 718.0 735580.0
951258 498.032390714 510.084128261 0.00106153167034 498.0 510.0 522738.0
951258 512.435195804 512.767559886 0.0010575288031 512.0 513.0 525824.0
951259 498.016673207 510.329895139 0.00102097287403 498.0 510.0 522738.0
951259 512.212980151 512.690736413 0.00101064411991 512.0 513.0 525824.0
951260 512.899136186 512.616234183 0.00101474413036 513.0 513.0 525825.0
951260 498.200256944 510.046389937 0.00101707290803 498.0 510.0 522738.0
951260 543.953214526 284.12419641 4.27124932836e-05 544.0 284.0 291360.0
951261 511.66749084 512.67968452 0.00101114537889 512.0 513.0 525824.0
951261 498.302357078 510.668061852 0.000915293258685 498.0 511.0 523762.0
951262 512.559274554 512.802511334 0.00098517760093 513.0 513.0 525825.0
951262 273.810640454 214.371228814 9.36066930376e-06 274.0 214.0 219410.0
951262 498.013164639 510.272211671 0.00102547730485 498.0 510.0 522738.0
951263 498.097000957 510.205642581 0.00104589373405 498.0 510.0 522738.0
951263 512.292000413 512.693659186 0.00101093210792 512.0 513.0 525824.0
951263 605.656647801 185.605160594 1.29227932797e-05 606.0 186.0 191070.0
951264 512.499413848 512.749817491 0.00102115841899 512.0 513.0 525824.0
951264 498.138189673 510.679487824 0.00107076565786 498.0 511.0 523762.0
951264 94.7428752184 983.167807937 7.23404693484e-06 95.0 983.0 1006687.0
951265 498.790382028 510.209249377 0.00103934816058 499.0 510.0 522739.0
951265 512.973000884 512.247866035 0.00101678054951 513.0 512.0 524801.0
951266 512.889670968 512.635272384 0.000986366438859 513.0 513.0 525825.0
951266 558.974781871 904.184100986 5.15330920027e-06 559.0 904.0 926255.0
951266 499.416168094 510.62449491 0.00104816770536 499.0 511.0 523763.0
951267 512.974756598 512.691208482 0.00104708761974 513.0 513.0 525825.0
951267 498.711497188 510.01049006 0.00104181926298 499.0 510.0 522739.0
951268 512.716926455 512.54570806 0.00104418248726 513.0 513.0 525825.0
951268 459.774986148 350.881954074 1.24665300654e-05 460.0 351.0 359884.0
951268 498.386230826 510.424995542 0.00102988332759 498.0 510.0 522738.0
951269 512.329265714 512.969105363 0.00100677924865 512.0 513.0 525824.0
951269 368.342042804 729.502786517 3.53950227505e-05 368.0 730.0 747888.0
951269 498.02770412 510.761520267 0.00100335515627 498.0 511.0 523762.0
