k x y F u v cell
1191960 815.898211598 549.30262959 6.96914285238e-06 816.0 549.0 562992.0
1191960 509.979215264 512.869115472 0.00182274149624 510.0 513.0 525822.0
1191961 509.05326426 512.411665559 0.001837473529 509.0 512.0 524797.0
1191961 19.1361004114 897.325906873 4.37124614163e-06 19.0 897.0 918547.0
1191962 509.372548461 512.64798367 0.00185228032111 509.0 513.0 525821.0
1191962 34.2967940569 737.294061542 0.000100652698755 34.0 737.0 754722.0
1191962 264.503010392 299.558689237 1.38752766978e-05 265.0 300.0 307465.0
1191963 523.04200995 29.860478282 2.29378488855e-06 523.0 30.0 31243.0
1191963 971.80815661 682.265995145 3.99931545509e-05 972.0 682.0 699340.0
1191963 509.691948056 512.414697289 0.00183795471926 510.0 512.0 524798.0
1191963 432.711248994 22.5983370543 5.1484798625e-05 433.0 23.0 23985.0
1191964 753.020997405 978.382119298 1.9661245687e-05 753.0 978.0 1002225.0
1191964 509.911091447 512.45769012 0.00180148285094 510.0 512.0 524798.0
1191965 509.165132403 512.740087152 0.00181827415057 509.0 513.0 525821.0
1191965 782.970087171 907.960291982 4.88028761425e-06 783.0 908.0 930575.0
1191965 592.854583621 1019.48479044 7.79678814731e-06 593.0 1019.0 1044049.0
1191965 751.27804935 534.264124513 2.14614748336e-06 751.0 534.0 547567.0
1191966 509.340151191 512.168727279 0.00182757260634 509.0 512.0 524797.0
1191966 338.236091971 540.195211291 3.14280614e-05 338.0 540.0 553298.0
1191966 462.737163186 329.430378556 4.64245823685e-05 463.0 329.0 337359.0
1191967 696.983675599 584.701642632 4.06589060123e-05 697.0 585.0 599737.0
1191967 258.306046844 507.160326362 2.79086832397e-05 258.0 507.0 519426.0
1191967 165.80875814 23.5864561796 1.06614939858e-05 166.0 24.0 24742.0
1191967 437.636295915 224.877146125 3.61164828314e-05 438.0 225.0 230838.0
1191967 509.703753114 512.299595237 0.00183379883203 510.0 512.0 524798.0
1191968 977.932734609 368.017321467 1.60439204514e-06 978.0 368.0 377810.0
1191968 509.736380935 512.385507464 0.0017843120535 510.0 512.0 524798.0
1191969 509.209052444 512.106374621 0.00184015697848 509.0 512.0 524797.0
1191970 509.071754813 512.288779616 0.00184867062861 509.0 512.0 524797.0
1191971 65.4907604456 984.708640218 4.92628399452e-05 65.0 985.0 1008705.0
1191971 509.440942883 512.047467828 0.00189186495315 509.0 512.0 524797.0
1191971 150.710685372 746.551568151 2.4500225596e-05 151.0 747.0 765079.0
1191971 101.432097316 902.18928802 4.60641198169e-06 101.0 902.0 923749.0
1191972 509.721574664 512.991049647 0.00184977512173 510.0 513.0 525822.0
1191972 16.0777138472 26.4473520517 1.51585032768e-05 16.0 26.0 26640.0
1191973 865.97661531 653.786175609 2.71001172343e-05 866.0 654.0 670562.0
1191973 509.884461522 512.590711474 0.00174956267436 510.0 513.0 525822.0
1191973 530.645477891 655.272034526 1.26323162838e-06 531.0 655.0 671251.0
1191973 107.596292615 427.222193837 8.61298902092e-06 108.0 427.0 437356.0
1191974 509.835199952 512.344232202 0.00179036569472 510.0 512.0 524798.0
1191975 509.224924922 512.645502448 0.00174251630392 509.0 513.0 525821.0
1191975 898.101590514 816.11846602 6.81907397657e-05 898.0 816.0 836482.0
1191976 847.962700963 394.513124108 3.88753267696e-07 848.0 395.0 405328.0
1191976 509.64368546 512.226550937 0.00181853361994 510.0 512.0 524798.0
1191976 894.892374873 900.528327823 5.92602715344e-06 895.0 901.0 923519.0
1191977 509.83657968 512.95828712 0.00180590171157 510.0 513.0 525822.0
1191977 378.139362216 769.983627439 2.87806657215e-05 378.0 770.0 788858.0
1191977 455.414626241 123.797274232 3.18380831908e-05 455.0 124.0 127431.0
1191978 486.054254174 270.657750249 9.27577675644e-06 486.0 271.0 277990.0
1191978 509.381714702 512.881533027 0.00186513174962 509.0 513.0 525821.0
1191979 8.99019610882 574.842804551 7.19855362598e-08 9.0 575.0 588809.0
1191979 509.166985631 512.922886014 0.00178684745883 509.0 513.0 525821.0
1191980 1000.34761679 461.117802501 1.38589169299e-05 1000.0 461.0 473064.0
1191980 509.276780248 512.120874286 0.00180406218526 509.0 512.0 524797.0
1191980 1.47775614262 582.941889167 3.97893950224e-05 1.0 583.0 596993.0
1191981 509.148579001 512.469151378 0.00182017207802 509.0 512.0 524797.0
1191981 829.627003551 307.864484191 4.68498227623e-05 830.0 308.0 316222.0
1191982 991.246087432 683.477567554 3.85403019479e-05 991.0 683.0 700383.0
1191982 234.442438245 514.988342404 6.73137636599e-05 234.0 515.0 527594.0
1191982 509.505401969 512.38935554 0.00185744303844 510.0 512.0 524798.0
1191983 509.595716834 512.808724046 0.00176728072278 510.0 513.0 525822.0
1191984 509.772959113 512.483282685 0.00176120805569 510.0 512.0 524798.0
1191984 1023.18470085 607.388429046 1.32913924275e-05 1023.0 607.0 622591.0
1191985 347.480746627 223.642895818 1.98427294839e-06 347.0 224.0 229723.0
1191985 509.819853425 512.330078006 0.00180466778739 510.0 512.0 524798.0
1191986 509.594583869 512.011921287 0.00181191088888 510.0 512.0 524798.0
1191987 509.11175096 512.580871224 0.00175326769465 509.0 513.0 525821.0
1191987 378.491238713 999.552562356 3.41199179966e-06 378.0 1000.0 1024378.0
1191987 625.572945476 576.544807315 4.07259262192e-05 626.0 577.0 591474.0
1191988 554.036668181 659.494895577 1.62979202168e-05 554.0 659.0 675370.0
1191988 204.403476834 659.745828271 1.12545222962e-05 204.0 660.0 676044.0
1191988 509.222006679 512.386486888 0.00179817701561 509.0 512.0 524797.0
1191989 509.089717746 512.94808805 0.00185428926165 509.0 513.0 525821.0
1191990 509.020155549 512.479590774 0.00181945374759 509.0 512.0 524797.0
1191990 277.214867711 837.061700463 6.14490509804e-05 277.0 837.0 857365.0
1191991 509.868465304 512.603169084 0.0018490762552 510.0 513.0 525822.0
1191992 865.373718619 78.6845957041 4.13947000588e-05 865.0 79.0 81761.0
1191992 801.437312245 313.41511929 3.1528234008e-05 801.0 313.0 321313.0
1191992 964.000501037 36.5789755583 1.82708721253e-05 964.0 37.0 38852.0
1191992 272.792255998 954.244775414 5.56106737876e-06 273.0 954.0 977169.0
1191992 509.563096404 512.789577365 0.00180826191196 510.0 513.0 525822.0
1191993 719.419827104 961.742127061 3.94327074347e-05 719.0 962.0 985807.0
1191993 719.309203506 439.905448556 4.90961830995e-05 719.0 440.0 451279.0
1191993 509.04051888 512.289411902 0.00181019332932 509.0 512.0 524797.0
1191994 509.055991769 512.035289407 0.00180408022899 509.0 512.0 524797.0
1191995 244.071010232 56.451346755 1.28730063051e-05 244.0 56.0 57588.0
1191995 509.144426227 512.306970239 0.00181716425568 509.0 512.0 524797.0
1191995 212.527130008 634.972685456 2.61303949352e-06 213.0 635.0 650453.0
1191995 434.156251073 29.4327963591 5.53763107482e-05 434.0 29.0 30130.0
1191996 427.311255097 843.324272752 4.98715944418e-05 427.0 843.0 863659.0
1191996 509.835777402 512.725105166 0.00180674525334 510.0 513.0 525822.0
1191997 190.574553609 837.998664737 1.5481665555e-06 191.0 838.0 858303.0
1191997 535.558000922 173.054247975 1.38159988029e-05 536.0 173.0 177688.0
1191997 509.55740869 512.449017882 0.00180865338452 510.0 512.0 524798.0
1191998 509.279353261 512.641356587 0.00178233686395 509.0 513.0 525821.0
1191999 157.551371217 955.289497018 8.78950776059e-06 158.0 955.0 978078.0
1191999 317.132998586 760.501574159 6.88617375208e-05 317.0 761.0 779581.0
1191999 509.656258702 512.994701743 0.00177608122869 510.0 513.0 525822.0
1192000 509.039568067 512.733581424 0.00182756312885 509.0 513.0 525821.0
1192000 886.041074395 332.197413802 5.11285654876e-06 886.0 332.0 340854.0
1192000 389.328178763 55.1385864019 3.88449163683e-05 389.0 55.0 56709.0
1192001 509.472963214 512.148554206 0.00177499147842 509.0 512.0 524797.0
1192001 292.948877454 294.438405871 8.27937752548e-05 293.0 294.0 301349.0
1192002 509.975637794 512.425757527 0.00179205645169 510.0 512.0 524798.0
1192003 509.290460944 512.846803784 0.00178573931793 509.0 513.0 525821.0
1192004 460.166337132 542.408991456 4.83201759458e-06 460.0 542.0 555468.0
1192004 509.386008859 512.652154565 0.00182635402841 509.0 513.0 525821.0
1192005 509.856573224 512.660888791 0.00180147486752 510.0 513.0 525822.0
1192006 716.700218797 98.2492970228 3.80104134234e-07 717.0 98.0 101069.0
1192006 509.627792478 512.766826272 0.00184371939938 510.0 513.0 525822.0
1192007 509.387120366 512.961810708 0.0017841553029 509.0 513.0 525821.0
1192008 509.329657197 512.970806956 0.00182208014206 509.0 513.0 525821.0
1192009 499.134000897 419.005258918 2.32787297951e-05 499.0 419.0 429555.0
1192009 509.732838273 512.121736646 0.00177760969473 510.0 512.0 524798.0
1192010 293.469943404 839.755430102 5.59534078021e-06 293.0 840.0 860453.0
1192010 509.254558206 512.113446116 0.00177519262515 509.0 512.0 524797.0
1192011 509.854876399 512.553385615 0.00178209924858 510.0 513.0 525822.0
1192011 569.152227283 950.428133607 2.32524651077e-05 569.0 950.0 973369.0
1192011 207.348411918 376.642330289 1.09141071967e-05 207.0 377.0 386255.0
1192012 509.535982966 512.207237124 0.00181831084822 510.0 512.0 524798.0
1192012 138.665374398 393.781202912 3.36888610515e-05 139.0 394.0 403595.0
1192013 509.319265008 512.474190593 0.00175829853342 509.0 512.0 524797.0
1192013 617.558956742 292.154361367 1.21651892617e-05 618.0 292.0 299626.0
1192014 509.429966331 512.518850207 0.0018339214506 509.0 513.0 525821.0
1192014 531.412150502 848.101562381 2.06269435734e-06 531.0 848.0 868883.0
1192015 92.6965247393 989.127668262 2.48612145634e-05 93.0 989.0 1012829.0
1192015 358.145453811 317.191773057 2.57866792521e-06 358.0 317.0 324966.0
1192015 509.01074183 512.283120751 0.00177904016305 509.0 512.0 524797.0
1192016 509.554592967 512.432502389 0.00180666981468 510.0 512.0 524798.0
1192017 509.394097686 512.204622388 0.00180717369734 509.0 512.0 524797.0
1192017 790.403946042 510.916228175 4.38508226216e-06 790.0 511.0 524054.0
1192018 509.319746375 512.212602258 0.00179237209252 509.0 512.0 524797.0
1192019 313.388304353 242.72409904 1.68778270971e-06 313.0 243.0 249145.0
1192019 6.61496698856 995.503648639 1.93775034194e-05 7.0 996.0 1019911.0
1192019 509.491447091 512.014703155 0.00183497517537 509.0 512.0 524797.0
1192020 953.669573903 610.791498303 3.00991615343e-07 954.0 611.0 626618.0
1192020 509.940189004 512.928428531 0.00181344768892 510.0 513.0 525822.0
1192021 509.925348639 512.392973781 0.00186192312287 510.0 512.0 524798.0
1192022 509.399354577 512.624206424 0.00183270449648 509.0 513.0 525821.0
1192023 623.250116944 1014.71051586 8.77983302047e-06 623.0 1015.0 1039983.0
1192023 841.290976167 547.338489413 3.45089107029e-05 841.0 547.0 560969.0
1192023 666.305595994 668.714220166 1.14904738658e-05 666.0 669.0 685722.0
1192023 509.074054599 512.331460595 0.00184452721768 509.0 512.0 524797.0
1192024 509.882555127 512.590258479 0.00181304479615 510.0 513.0 525822.0
1192024 212.35036695 367.129305959 3.58646942707e-05 212.0 367.0 376020.0
1192025 509.695777059 512.224024653 0.00180395772722 510.0 512.0 524798.0
1192025 281.84649241 967.865192294 1.72025492133e-05 282.0 968.0 991514.0
1192026 522.67519176 427.211426139 3.89743526773e-07 523.0 427.0 437771.0
1192026 509.94254458 512.206395984 0.00176726311616 510.0 512.0 524798.0
1192027 509.546382785 512.201829314 0.00174955299595 510.0 512.0 524798.0
1192027 712.407684207 1006.27200735 8.97199665722e-06 712.0 1006.0 1030856.0
1192027 33.95224154 978.908331275 0.000113796139614 34.0 979.0 1002530.0
1192028 509.823346496 512.334268212 0.00182028481366 510.0 512.0 524798.0
1192029 509.399487138 512.749247909 0.00178299073358 509.0 513.0 525821.0
1192030 509.083559871 512.316692948 0.00182356168239 509.0 512.0 524797.0
1192030 699.055328488 773.37607944 2.87660370194e-05 699.0 773.0 792251.0
1192031 109.161972642 658.234292626 1.15575526074e-05 109.0 658.0 673901.0
1192031 738.02068603 252.026656508 3.40358478702e-06 738.0 252.0 258786.0
1192031 509.085412621 512.332613349 0.00184602056126 509.0 512.0 524797.0
1192032 509.139650464 512.631140351 0.00183871137951 509.0 513.0 525821.0
1192032 296.929091334 78.2135933638 1.43323854172e-05 297.0 78.0 80169.0
1192032 1.37834513187 219.313688397 1.80809255986e-05 1.0 219.0 224257.0
1192032 945.05472672 555.480578542 1.76049540623e-05 945.0 555.0 569265.0
1192033 509.543540597 512.521247029 0.00183930206394 510.0 513.0 525822.0
1192034 509.580880523 512.709082723 0.00176192191714 510.0 513.0 525822.0
1192035 509.657830834 512.439066768 0.00185016386511 510.0 512.0 524798.0
1192036 509.998368859 512.271722674 0.00180633364211 510.0 512.0 524798.0
1192036 262.880406499 192.947707295 1.65204682184e-06 263.0 193.0 197895.0
1192037 509.687831759 512.768361211 0.00186603978932 510.0 513.0 525822.0
1192037 296.341773629 1015.67443502 4.47296801518e-05 296.0 1016.0 1040680.0
1192037 431.94957602 743.407577634 5.35675401454e-06 432.0 743.0 761264.0
1192037 1009.68091428 258.469775319 3.51577779288e-06 1010.0 258.0 265202.0
1192038 509.246559024 512.162638545 0.00186780127433 509.0 512.0 524797.0
1192039 509.166780114 512.606826186 0.0017914709431 509.0 513.0 525821.0
1192039 660.040866256 681.540594459 8.36045047116e-07 660.0 682.0 699028.0
1192040 509.122826934 512.398212075 0.00181216469721 509.0 512.0 524797.0
1192041 376.784197211 498.542961478 1.8633106429e-05 377.0 499.0 511353.0
1192041 509.775431752 512.404388547 0.00182115171166 510.0 512.0 524798.0
1192042 509.330734372 512.623718381 0.00185160489584 509.0 513.0 525821.0
1192043 509.865579009 512.078543305 0.00184801830255 510.0 512.0 524798.0
1192043 349.672759175 781.838171363 2.02307779629e-05 350.0 782.0 801118.0
1192043 241.392798543 523.651795983 1.31960235333e-05 241.0 524.0 536817.0
1192044 509.73999393 512.323095679 0.00180618094755 510.0 512.0 524798.0
1192045 900.401416659 486.189592242 1.8770576047e-05 900.0 486.0 498564.0
1192045 509.897820592 512.997494817 0.0018288574761 510.0 513.0 525822.0
1192046 187.382127404 156.161773086 6.99847200294e-06 187.0 156.0 159931.0
1192046 509.42978704 512.514905095 0.00178545004545 509.0 513.0 525821.0
1192047 509.007790923 512.181411624 0.00184401193474 509.0 512.0 524797.0
1192047 156.242945552 75.9025999308 1.50532033098e-05 156.0 76.0 77980.0
1192048 509.850268006 512.557922721 0.00184479587005 510.0 513.0 525822.0
1192049 865.96754849 875.50608027 7.7176170448e-05 866.0 876.0 897890.0
1192049 475.097979903 537.542903543 3.22100540336e-05 475.0 538.0 551387.0
1192049 509.743339181 512.932938218 0.00181643241919 510.0 513.0 525822.0
1192049 861.084207654 1010.52173889 7.30305674893e-06 861.0 1011.0 1036125.0
1192050 963.200857282 816.382690787 4.99512309956e-06 963.0 816.0 836547.0
1192050 509.851882815 512.165578008 0.00182767165434 510.0 512.0 524798.0
1192051 509.037345052 512.833744884 0.0018026414721 509.0 513.0 525821.0
1192051 382.92346704 584.268564582 4.62696264908e-06 383.0 584.0 598399.0
1192051 589.924779773 93.9595783949 1.43403471946e-05 590.0 94.0 96846.0
1192052 509.137229085 512.431244731 0.00185853980686 509.0 512.0 524797.0
1192052 439.84638083 612.637318254 1.59881841168e-05 440.0 613.0 628152.0
1192052 379.517998576 647.009437919 5.88261471754e-06 380.0 647.0 662908.0
1192053 509.673906446 512.491002679 0.001868255272 510.0 512.0 524798.0
1192053 854.174996734 446.900565505 5.26614582283e-06 854.0 447.0 458582.0
1192053 395.299577117 662.783616185 2.82491128227e-05 395.0 663.0 679307.0
1192054 509.194177985 512.093461394 0.00182293958715 509.0 512.0 524797.0
1192055 509.591374278 512.808009267 0.00177612044742 510.0 513.0 525822.0
1192056 509.871733308 512.872485995 0.0018562864492 510.0 513.0 525822.0
1192057 509.319317937 512.128635049 0.00183192125275 509.0 512.0 524797.0
1192058 658.574947715 833.123459458 2.00629000944e-05 659.0 833.0 853651.0
1192058 509.91627419 512.430127501 0.00180771644174 510.0 512.0 524798.0
1192059 557.066689849 292.670925736 3.08854523997e-05 557.0 293.0 300589.0
1192059 509.308987975 512.956193566 0.00178626948673 509.0 513.0 525821.0
1192060 509.87552011 512.623997092 0.00176862911621 510.0 513.0 525822.0
1192060 229.717733502 860.910543084 2.43609233184e-05 230.0 861.0 881894.0
1192061 509.340067029 512.717631936 0.00179699930143 509.0 513.0 525821.0
1192061 1007.32865155 881.793466687 4.40502464948e-05 1007.0 882.0 904175.0
1192061 324.331711888 23.0870295763 1.00892405277e-05 324.0 23.0 23876.0
1192062 248.056368232 637.589445233 7.59077981674e-06 248.0 638.0 653560.0
1192062 127.616050601 496.584086537 1.10389339797e-05 128.0 497.0 509056.0
1192062 509.200380683 512.361084104 0.00181386645183 509.0 512.0 524797.0
1192063 509.164890647 512.719701171 0.00179988865745 509.0 513.0 525821.0
1192064 509.248649478 512.996273875 0.00185937840668 509.0 513.0 525821.0
1192065 688.973376632 269.290745378 5.17741025981e-06 689.0 269.0 276145.0
1192065 509.896348119 512.094770074 0.00187734702261 510.0 512.0 524798.0
1192066 509.291817307 512.660364509 0.00183339801745 509.0 513.0 525821.0
1192067 725.37375319 79.0664709806 7.75475158893e-06 725.0 79.0 81621.0
1192067 509.111863017 512.259475827 0.00178774604005 509.0 512.0 524797.0
1192068 509.067786813 512.750167966 0.00183016681207 509.0 513.0 525821.0
1192069 962.588097453 317.063985229 2.01066033484e-05 963.0 317.0 325571.0
1192069 152.145470977 23.4783045053 1.37572557795e-06 152.0 23.0 23704.0
1192069 509.877531409 512.902306437 0.00185071948416 510.0 513.0 525822.0
1192070 509.900541425 512.387998939 0.00182563451178 510.0 512.0 524798.0
1192070 470.370393634 673.591107011 3.04080462282e-05 470.0 674.0 690646.0
1192071 51.170701623 746.768261313 2.12028457913e-05 51.0 747.0 764979.0
1192071 509.545066237 512.511680484 0.00189072010151 510.0 513.0 525822.0
1192072 509.728770852 512.359360099 0.00180300888626 510.0 512.0 524798.0
1192072 427.211192727 140.007685781 4.09493377083e-06 427.0 140.0 143787.0
1192072 661.739090085 1006.51689708 2.51153738591e-05 662.0 1007.0 1031830.0
1192072 172.491563916 325.522187114 4.85941007855e-06 172.0 326.0 333996.0
1192073 516.819461942 458.97971952 1.08511445312e-05 517.0 459.0 470533.0
1192073 733.206399322 601.62976706 2.49062483248e-05 733.0 602.0 617181.0
1192073 509.955362916 512.688302398 0.00183411351631 510.0 513.0 525822.0
1192074 530.705018401 421.688182712 1.89223131929e-05 531.0 422.0 432659.0
1192074 509.072322249 512.975443482 0.00179199808681 509.0 513.0 525821.0
1192075 59.2386454344 680.596230865 7.65352938946e-06 59.0 681.0 697403.0
1192075 712.625217795 203.310849547 1.6726832123e-05 713.0 203.0 208585.0
1192075 509.676644921 512.62103498 0.00184701572191 510.0 513.0 525822.0
1192076 661.098853469 510.459735274 8.06548929603e-06 661.0 510.0 522901.0
1192076 509.836913228 512.122956395 0.00182895641252 510.0 512.0 524798.0
1192077 684.030066848 310.9863621 7.2079951253e-07 684.0 311.0 319148.0
1192077 509.874692559 512.763967633 0.00177943050989 510.0 513.0 525822.0
1192078 509.180013299 512.490710855 0.00187347934996 509.0 512.0 524797.0
1192078 344.645474315 460.689247251 4.88735910736e-05 345.0 461.0 472409.0
1192079 509.647975564 512.434007287 0.0018018223913 510.0 512.0 524798.0
1192079 861.527394891 1015.2403928 1.09551618716e-05 862.0 1015.0 1040222.0
1192080 509.004152656 512.519176364 0.00179365810784 509.0 513.0 525821.0
1192081 117.148015141 854.520162463 7.24192134593e-06 117.0 855.0 875637.0
1192081 509.045798659 512.934777141 0.00188401913573 509.0 513.0 525821.0
1192082 379.515466094 498.809553027 4.23236274843e-05 380.0 499.0 511356.0
1192082 509.484962821 512.136344075 0.00178628564066 509.0 512.0 524797.0
1192083 233.973314404 742.70025599 2.35527146366e-05 234.0 743.0 761066.0
1192083 148.982503533 454.725127578 1.12534938998e-05 149.0 455.0 466069.0
1192083 509.975122333 512.595976233 0.00188068513611 510.0 513.0 525822.0
1192084 509.355246902 512.609836936 0.00182679842547 509.0 513.0 525821.0
1192084 876.579993606 890.027145028 4.43567811685e-05 877.0 890.0 912237.0
1192085 509.985352874 512.08721292 0.00180145670612 510.0 512.0 524798.0
1192086 514.041351199 293.791607499 1.1300911296e-05 514.0 294.0 301570.0
1192086 509.140658021 512.157981753 0.00179388507809 509.0 512.0 524797.0
1192086 886.131679416 370.271477103 3.1343193939e-05 886.0 370.0 379766.0
1192087 521.863743424 317.324633241 3.26229559328e-05 522.0 317.0 325130.0
1192087 509.486023068 512.943988919 0.00180481086265 509.0 513.0 525821.0
1192087 880.201221108 747.011924624 5.60771732748e-05 880.0 747.0 765808.0
1192088 990.674190402 764.854738832 8.83649273586e-06 991.0 765.0 784351.0
1192088 509.481241584 512.8188833 0.00177759980325 509.0 513.0 525821.0
1192088 49.2172092199 14.1474112272 1.83157724099e-05 49.0 14.0 14385.0
1192089 509.494957566 512.331483483 0.00179742573763 509.0 512.0 524797.0
1192089 575.624640107 939.033349156 3.17166477095e-05 576.0 939.0 962112.0
1192090 509.581793666 512.409174085 0.00180821803113 510.0 512.0 524798.0
1192091 509.7021631 512.508131862 0.00181878964762 510.0 513.0 525822.0
1192091 344.620435119 226.448480725 2.45722520226e-08 345.0 226.0 231769.0
1192092 509.577998519 512.64263618 0.00183991961943 510.0 513.0 525822.0
1192092 63.2377058268 445.086226344 5.58239369717e-05 63.0 445.0 455743.0
1192092 882.87211287 355.490690589 1.4858892081e-06 883.0 355.0 364403.0
1192093 191.430469155 989.191806436 1.29992766956e-05 191.0 989.0 1012927.0
1192093 509.237640262 512.108371377 0.00177503357846 509.0 512.0 524797.0
1192094 711.645208478 982.755234122 1.23635005405e-05 712.0 983.0 1007304.0
1192094 509.344898105 512.225315452 0.00182700197081 509.0 512.0 524797.0
1192095 509.089645982 512.112955213 0.00179899159253 509.0 512.0 524797.0
1192096 500.908522725 511.804129004 3.23981044609e-05 501.0 512.0 524789.0
1192096 339.883819222 305.674016118 2.91506672436e-05 340.0 306.0 313684.0
1192096 509.9470433 512.418803334 0.00176151486641 510.0 512.0 524798.0
1192097 60.1688233614 249.105550647 7.6163969062e-06 60.0 249.0 255036.0
1192097 509.894470096 512.932212949 0.00184248431942 510.0 513.0 525822.0
1192098 509.275224566 512.202439427 0.0018544105026 509.0 512.0 524797.0
1192098 703.40818584 741.65785563 1.93881493159e-05 703.0 742.0 760511.0
1192099 509.478891492 512.809204221 0.00181962757103 509.0 513.0 525821.0
1192099 15.9597650766 961.326052547 1.0221977282e-05 16.0 961.0 984080.0
1192100 509.180649877 512.593034387 0.00181369703209 509.0 513.0 525821.0
1192101 509.547349095 512.858124614 0.00175822034812 510.0 513.0 525822.0
1192101 794.89641583 400.429833531 3.6997629031e-06 795.0 400.0 410395.0
