k x y F u v cell
228760 514.484645247 510.361958385 0.00179981991838 514.0 510.0 522754.0
228761 725.231942773 827.637176156 3.02111954298e-05 725.0 828.0 848597.0
228761 514.216852307 510.477215886 0.00178975109264 514.0 510.0 522754.0
228762 957.518037438 275.061511397 6.49171534774e-06 958.0 275.0 282558.0
228762 514.785630345 510.588630795 0.00184127870951 515.0 511.0 523779.0
228763 514.634080291 510.133626819 0.00186377401085 515.0 510.0 522755.0
228763 235.287897706 253.506749749 3.59507672807e-06 235.0 254.0 260331.0
228764 514.675518394 510.101579785 0.00173353379474 515.0 510.0 522755.0
228765 514.949619412 510.960820317 0.0017878189696 515.0 511.0 523779.0
228766 709.44531095 237.781362176 6.51306179884e-05 709.0 238.0 244421.0
228766 514.618594527 510.310361981 0.00177414053583 515.0 510.0 522755.0
228767 850.586009622 367.483517289 2.69619845731e-05 851.0 367.0 376659.0
228767 514.870222926 510.95462501 0.00178996065944 515.0 511.0 523779.0
228768 742.490388751 509.938611865 6.97735303071e-06 742.0 510.0 522982.0
228768 514.178122401 510.82768929 0.00174085749593 514.0 511.0 523778.0
228769 514.273970008 510.76372087 0.00179692125295 514.0 511.0 523778.0
228770 514.592954993 510.306283355 0.00183148126589 515.0 510.0 522755.0
228770 547.293754697 31.0221220255 6.5004485516e-05 547.0 31.0 32291.0
228771 283.734128118 87.405313611 5.61358759797e-06 284.0 87.0 89372.0
228771 514.485948443 510.217505097 0.00172010858363 514.0 510.0 522754.0
228771 987.941096902 317.69384253 4.94896391847e-06 988.0 318.0 326620.0
228772 514.020326972 510.88788259 0.00186466613245 514.0 511.0 523778.0
228773 514.753262877 510.232584834 0.00181082001149 515.0 510.0 522755.0
228773 598.822597861 202.130155206 4.1475097134e-05 599.0 202.0 207447.0
228773 238.89580977 788.964405894 2.03791783489e-05 239.0 789.0 808175.0
228774 514.980990052 510.742702842 0.00178207684855 515.0 511.0 523779.0
228775 586.860541463 233.127698779 5.33374314305e-06 587.0 233.0 239179.0
228775 514.742608905 510.748400331 0.00177417568336 515.0 511.0 523779.0
228776 514.852586627 510.493131042 0.0017206175231 515.0 510.0 522755.0
228776 689.750040174 342.90480864 2.73835865313e-05 690.0 343.0 351922.0
228777 954.366528392 0.248849272728 1.69004561269e-05 954.0 0.0 954.0
228777 514.575036645 510.453392625 0.00182092919521 515.0 510.0 522755.0
228778 514.819425702 510.718257308 0.0018385694669 515.0 511.0 523779.0
228779 514.117740035 510.633274198 0.00182329407126 514.0 511.0 523778.0
228780 514.555766463 510.359762311 0.00175068097676 515.0 510.0 522755.0
228780 600.349991918 241.569330335 1.01562600326e-05 600.0 242.0 248408.0
228781 514.131712079 510.261903644 0.00183046912307 514.0 510.0 522754.0
228781 851.659163117 584.156419635 1.93126502429e-05 852.0 584.0 598868.0
228782 514.946256757 510.692357183 0.00176762583786 515.0 511.0 523779.0
228782 94.8382488489 961.260570884 1.59080923818e-05 95.0 961.0 984159.0
228782 898.800272584 990.474892259 6.21653936798e-05 899.0 990.0 1014659.0
228782 964.194392562 596.749277234 3.16133068621e-05 964.0 597.0 612292.0
228783 492.4385432 647.07618773 2.93900832534e-05 492.0 647.0 663020.0
228783 514.506243587 510.963772893 0.00181435077276 515.0 511.0 523779.0
228783 269.853501201 77.6591662169 6.25411101353e-05 270.0 78.0 80142.0
228784 514.895786166 510.405454278 0.00184680909761 515.0 510.0 522755.0
228784 681.79677093 16.0824991465 9.93520864214e-06 682.0 16.0 17066.0
228785 603.87808311 292.979654431 2.59611781047e-05 604.0 293.0 300636.0
228785 514.616347432 510.985790133 0.00176576273556 515.0 511.0 523779.0
228786 234.652792573 634.713825345 5.13346997211e-06 235.0 635.0 650475.0
228786 514.438662648 510.910789609 0.00184662178287 514.0 511.0 523778.0
228787 514.797820687 510.609693408 0.00178205026261 515.0 511.0 523779.0
228787 209.120103955 387.036171317 4.32859648762e-06 209.0 387.0 396497.0
228787 79.2469443083 936.966127276 9.43679262927e-06 79.0 937.0 959567.0
228788 63.9420179129 736.1200248 2.36761854809e-06 64.0 736.0 753728.0
228788 514.38236773 510.050268054 0.00180933998574 514.0 510.0 522754.0
228789 514.34205544 510.386708379 0.00182207633152 514.0 510.0 522754.0
228790 514.033785939 510.23272121 0.0018163273552 514.0 510.0 522754.0
228790 750.357557654 242.460027099 1.38037923257e-05 750.0 242.0 248558.0
228791 514.552533269 510.20780313 0.00182178647335 515.0 510.0 522755.0
228791 916.146599412 318.825711846 6.24876375556e-06 916.0 319.0 327572.0
228792 514.552775025 510.964605689 0.0018069138631 515.0 511.0 523779.0
228792 1007.78626573 308.697559714 2.70492399432e-05 1008.0 309.0 317424.0
228792 836.993127942 580.899617076 2.94886940075e-06 837.0 581.0 595781.0
228793 514.917425275 510.944174409 0.00178704402886 515.0 511.0 523779.0
228794 557.486102462 443.906750083 4.66075859326e-05 557.0 444.0 455213.0
228794 514.95694077 510.920606971 0.00177450616052 515.0 511.0 523779.0
228795 879.705833554 281.320793748 5.3618517896e-05 880.0 281.0 288624.0
228795 514.790732741 510.782228351 0.00182965992021 515.0 511.0 523779.0
228795 104.824611545 7.96328890324 1.16258571141e-05 105.0 8.0 8297.0
228796 514.676063657 510.15572989 0.00180153087158 515.0 510.0 522755.0
228797 514.647768378 510.720119834 0.00178199016845 515.0 511.0 523779.0
228798 280.652066588 963.263225675 1.30599301733e-05 281.0 963.0 986393.0
228798 514.203163266 510.199996352 0.00179841489133 514.0 510.0 522754.0
228799 514.129699111 510.529643893 0.00182610135936 514.0 511.0 523778.0
228800 514.463136554 510.977836967 0.00179634235516 514.0 511.0 523778.0
228800 144.179263234 322.388641 7.14052014177e-06 144.0 322.0 329872.0
228800 860.101719022 184.238608003 8.06150825417e-06 860.0 184.0 189276.0
228801 974.744983792 336.180294156 8.24348793141e-06 975.0 336.0 345039.0
228801 514.289113879 510.736029983 0.00177096886292 514.0 511.0 523778.0
228802 514.779174685 510.161022782 0.00176166640097 515.0 510.0 522755.0
228802 855.780952096 330.981408954 4.79172618722e-06 856.0 331.0 339800.0
228803 514.517513871 510.037162185 0.0017426150497 515.0 510.0 522755.0
228804 514.705713868 510.410809398 0.00179232928127 515.0 510.0 522755.0
228804 195.855826497 614.775116563 4.45839568211e-05 196.0 615.0 629956.0
228805 514.090352416 510.230877757 0.00181050572109 514.0 510.0 522754.0
228805 801.259780288 870.741177678 2.05738673451e-05 801.0 871.0 892705.0
228806 514.066623092 510.238891244 0.00181504020742 514.0 510.0 522754.0
228807 284.769254088 528.724132895 2.16080581014e-05 285.0 529.0 541981.0
228807 43.366112113 877.565871119 4.44089643198e-06 43.0 878.0 899115.0
228807 514.718376994 510.905766368 0.0017986835754 515.0 511.0 523779.0
228808 514.069677234 510.671820998 0.00177794689061 514.0 511.0 523778.0
228809 514.282082915 510.806808829 0.00181537569785 514.0 511.0 523778.0
228810 427.446723104 987.352623582 3.85287168371e-05 427.0 987.0 1011115.0
228810 514.565427184 510.57103169 0.00176464394676 515.0 511.0 523779.0
228811 514.809182048 510.256899714 0.00174297903517 515.0 510.0 522755.0
228811 912.068737626 1005.20656908 0.000101109424166 912.0 1005.0 1030032.0
228812 514.821299434 510.314503551 0.00179993593032 515.0 510.0 522755.0
228813 514.570279241 510.638428807 0.00177693810719 515.0 511.0 523779.0
228814 430.115424037 119.063031316 8.3843919808e-06 430.0 119.0 122286.0
228814 514.6298908 510.67527473 0.00177594427504 515.0 511.0 523779.0
228815 514.665188193 510.478052258 0.00177914275619 515.0 510.0 522755.0
228816 19.366189599 637.335256219 3.18896087011e-05 19.0 637.0 652307.0
228816 822.499263883 162.815191865 6.61967319582e-06 822.0 163.0 167734.0
228816 335.417176604 1021.27468359 3.09964444179e-05 335.0 1021.0 1045839.0
228816 514.321747661 510.12434113 0.0017522607547 514.0 510.0 522754.0
228817 514.78587544 510.247079968 0.00177828075662 515.0 510.0 522755.0
228818 44.184861064 743.383266091 3.11755610406e-05 44.0 743.0 760876.0
228818 514.136408448 510.062681556 0.00183905773495 514.0 510.0 522754.0
228819 514.806462884 510.689003587 0.00178434435501 515.0 511.0 523779.0
228819 413.801062465 946.161992192 1.66870750155e-05 414.0 946.0 969118.0
228819 360.196198344 891.636790156 2.39864778323e-05 360.0 892.0 913768.0
228820 131.291562915 569.005736232 1.47877715682e-06 131.0 569.0 582787.0
228820 514.233260512 510.051108479 0.00183140271331 514.0 510.0 522754.0
228821 514.443682313 510.0762676 0.00180008366911 514.0 510.0 522754.0
228822 483.350295901 1011.27152026 6.5965704237e-06 483.0 1011.0 1035747.0
228822 514.090331435 510.331383824 0.00186394579846 514.0 510.0 522754.0
228822 308.351439595 562.113455415 3.83133402171e-05 308.0 562.0 575796.0
228823 514.168412328 510.984164596 0.00184904074273 514.0 511.0 523778.0
228824 514.587057471 510.271246076 0.00179665903833 515.0 510.0 522755.0
228824 899.602653384 96.5046106577 1.99963364622e-05 900.0 97.0 100228.0
228825 490.516489148 349.993550181 1.18726356279e-05 491.0 350.0 358891.0
228825 514.70419538 510.430245042 0.00180050507804 515.0 510.0 522755.0
228826 514.182884097 510.39495337 0.00183246419558 514.0 510.0 522754.0
228826 269.523949742 936.715378404 5.48492790645e-05 270.0 937.0 959758.0
228827 514.796231866 510.241346717 0.00186851310586 515.0 510.0 522755.0
228827 963.467477441 684.446815372 8.52126922893e-05 963.0 684.0 701379.0
228828 514.197510123 510.425661922 0.00176594105382 514.0 510.0 522754.0
228829 984.477023959 765.083051562 2.24619001981e-06 984.0 765.0 784344.0
228829 695.677139401 812.010077357 2.59273112812e-05 696.0 812.0 832184.0
228829 514.291353345 510.824586034 0.00176225862864 514.0 511.0 523778.0
228830 514.124837995 510.594954848 0.0017717960319 514.0 511.0 523778.0
228830 40.8560026884 186.472966313 1.72784222586e-05 41.0 186.0 190505.0
228831 514.479793668 510.028946996 0.0018479368017 514.0 510.0 522754.0
228832 110.146533132 149.852415204 8.04512963853e-05 110.0 150.0 153710.0
228832 514.57115519 510.005006194 0.0017928766724 515.0 510.0 522755.0
228833 514.476085782 510.449055314 0.0018365734447 514.0 510.0 522754.0
228833 99.1825894117 26.3876503706 3.33013495279e-05 99.0 26.0 26723.0
228833 82.088564992 489.798351407 3.41520081543e-06 82.0 490.0 501842.0
228834 545.072404265 224.559114099 1.61515532271e-05 545.0 225.0 230945.0
228834 514.601704478 510.927930474 0.00177731055102 515.0 511.0 523779.0
228835 514.133190751 510.248419881 0.00179688562456 514.0 510.0 522754.0
228836 514.783007979 510.966991782 0.0018375134423 515.0 511.0 523779.0
228837 514.848062396 510.434177518 0.00181827888674 515.0 510.0 522755.0
228838 514.913635612 510.062228084 0.00184620905409 515.0 510.0 522755.0
228839 483.039577365 235.923788428 2.92916760506e-06 483.0 236.0 242147.0
228839 514.600608945 510.592161059 0.00177945641841 515.0 511.0 523779.0
228840 735.508388877 252.529648185 5.19984226152e-05 736.0 253.0 259808.0
228840 514.000395417 510.616860032 0.00177602281605 514.0 511.0 523778.0
228841 514.925111651 510.799718261 0.00174529531322 515.0 511.0 523779.0
228842 514.735013604 510.077980876 0.00177026775122 515.0 510.0 522755.0
228843 957.347680449 404.209458709 2.83979858489e-06 957.0 404.0 414653.0
228843 514.462612987 510.229745269 0.00184615035459 514.0 510.0 522754.0
228844 514.90691483 510.383984685 0.0018019525102 515.0 510.0 522755.0
228845 436.61752212 78.0828508139 1.94365419353e-05 437.0 78.0 80309.0
228845 171.455336213 982.837524533 3.17392950371e-05 171.0 983.0 1006763.0
228845 514.684883952 510.142916799 0.00179318497785 515.0 510.0 522755.0
228845 228.231601357 778.770038486 8.01314374478e-05 228.0 779.0 797924.0
228846 514.065397859 510.576376796 0.00182047225152 514.0 511.0 523778.0
228846 742.375409961 661.199543595 1.50112993609e-05 742.0 661.0 677606.0
228847 514.367570043 510.802250981 0.00181649705507 514.0 511.0 523778.0
228847 757.993792892 131.304711461 1.11084957096e-06 758.0 131.0 134902.0
228847 846.624995828 655.54103148 4.03440986677e-05 847.0 656.0 672591.0
228848 514.674569726 510.668151021 0.001746158085 515.0 511.0 523779.0
228848 641.019147277 324.749266505 1.40159869918e-05 641.0 325.0 333441.0
228849 514.86359632 510.522435784 0.00176756536509 515.0 511.0 523779.0
228849 672.076983809 501.488070369 3.07693981136e-05 672.0 501.0 513696.0
228849 983.290890574 7.30833733082 3.5120336989e-05 983.0 7.0 8151.0
228850 514.543949008 510.759996533 0.00185655140799 515.0 511.0 523779.0
228851 514.969468236 510.203290582 0.00178600417025 515.0 510.0 522755.0
228851 25.968532443 582.791657329 1.22763943257e-07 26.0 583.0 597018.0
228851 609.317510009 806.188787341 1.77189558012e-05 609.0 806.0 825953.0
228852 68.1130973101 268.749632239 2.75193431074e-05 68.0 269.0 275524.0
228852 514.739581943 510.595233321 0.00179625900402 515.0 511.0 523779.0
228853 514.7159518 510.144056201 0.00177779245519 515.0 510.0 522755.0
228854 514.874444366 510.090091586 0.00184573950994 515.0 510.0 522755.0
228855 103.917603374 719.356016517 2.44741745119e-05 104.0 719.0 736360.0
228855 514.767331004 510.891668439 0.00184088048349 515.0 511.0 523779.0
228856 514.026774526 510.030129552 0.00181706712698 514.0 510.0 522754.0
228856 93.9715796709 676.946801305 3.13294699173e-05 94.0 677.0 693342.0
228856 916.062020898 439.920221925 1.68635500438e-06 916.0 440.0 451476.0
228857 514.401212096 510.900577426 0.00182730794961 514.0 511.0 523778.0
228858 514.431194901 510.919003129 0.0018220432838 514.0 511.0 523778.0
228859 870.424451709 427.767982364 8.19525929107e-07 870.0 428.0 439142.0
228859 514.456550717 510.748915076 0.00178892073884 514.0 511.0 523778.0
228860 514.620892406 510.30938375 0.00185557908101 515.0 510.0 522755.0
228860 857.388549685 979.258641362 5.19388887835e-05 857.0 979.0 1003353.0
228861 16.0162004232 694.359703422 8.59569895987e-06 16.0 694.0 710672.0
228861 514.405544877 510.416425109 0.00184673303783 514.0 510.0 522754.0
228862 383.976673722 415.16747725 1.73575119337e-05 384.0 415.0 425344.0
228862 514.853591561 510.464545131 0.0018459770739 515.0 510.0 522755.0
228863 475.911392331 161.005491853 4.75295272896e-05 476.0 161.0 165340.0
228863 627.088056207 678.377955317 2.17053204141e-05 627.0 678.0 694899.0
228863 514.73321116 510.403504729 0.00175657963609 515.0 510.0 522755.0
228864 514.536652684 510.590376496 0.001796097021 515.0 511.0 523779.0
228865 259.358007312 363.784722924 2.55819739579e-05 259.0 364.0 372995.0
228865 514.830530286 510.154375434 0.00176640291223 515.0 510.0 522755.0
228866 514.823095441 510.949549317 0.00176152057266 515.0 511.0 523779.0
228866 424.446986079 659.23145473 2.21296545385e-05 424.0 659.0 675240.0
228867 862.81142199 529.757685781 3.52646636313e-05 863.0 530.0 543583.0
228867 967.871754527 22.9185577631 6.51768694468e-07 968.0 23.0 24520.0
228867 352.910452008 121.067999244 1.95726623457e-05 353.0 121.0 124257.0
228867 514.085090041 510.231016994 0.00178132302083 514.0 510.0 522754.0
228868 514.298089385 510.558418155 0.00180168262364 514.0 511.0 523778.0
228869 514.207343459 510.675768256 0.00180550453303 514.0 511.0 523778.0
228870 446.49944818 331.275096774 1.4390895188e-05 446.0 331.0 339390.0
228870 997.975856662 516.454270244 6.11501796508e-06 998.0 516.0 529382.0
228870 514.880421281 510.835430503 0.00183030252233 515.0 511.0 523779.0
228871 680.608796716 67.1478027105 5.21847353283e-05 681.0 67.0 69289.0
228871 514.908702731 510.323473573 0.00177848740956 515.0 510.0 522755.0
228871 323.521731734 109.071718812 5.68890924125e-06 324.0 109.0 111940.0
228872 514.344109416 510.709498525 0.00172915280436 514.0 511.0 523778.0
228873 514.566062808 510.945244431 0.00179798278598 515.0 511.0 523779.0
228874 514.314250112 510.893083215 0.00181249423058 514.0 511.0 523778.0
228875 514.699552417 510.120745778 0.00178407760442 515.0 510.0 522755.0
228876 514.762967944 510.114934564 0.00179626507442 515.0 510.0 522755.0
228877 514.555781484 510.734328866 0.00180033082444 515.0 511.0 523779.0
228877 713.590074658 20.8381294012 7.64285916115e-05 714.0 21.0 22218.0
228878 514.823143125 510.096106172 0.00183497449106 515.0 510.0 522755.0
228879 514.727365851 510.890670657 0.00175122320855 515.0 511.0 523779.0
228879 101.70313561 369.504347682 1.31684277622e-05 102.0 370.0 378982.0
228879 125.256595016 688.055284142 2.2941633907e-06 125.0 688.0 704637.0
228880 514.050796151 510.400966287 0.00184314957592 514.0 510.0 522754.0
228880 928.541424632 875.814943671 3.71554147535e-05 929.0 876.0 897953.0
228880 869.170397878 329.092885137 1.3545030492e-05 869.0 329.0 337765.0
228881 514.442927003 510.605379224 0.0017802932166 514.0 511.0 523778.0
228882 657.813149095 28.946059823 9.4322553876e-06 658.0 29.0 30354.0
228882 514.400387406 510.988833547 0.00177417457836 514.0 511.0 523778.0
228882 444.592740893 427.92067945 9.84641579445e-06 445.0 428.0 438717.0
228883 514.373600364 510.85413897 0.00180404257577 514.0 511.0 523778.0
228884 514.78732264 510.036336303 0.00185728316285 515.0 510.0 522755.0
228884 225.122911572 554.598666549 1.74806552743e-05 225.0 555.0 568545.0
228884 849.325253844 579.840602279 4.60032226779e-05 849.0 580.0 594769.0
228884 613.562482476 560.962771773 3.34662621373e-06 614.0 561.0 575078.0
228884 751.610698819 840.498231292 8.05288522311e-06 752.0 840.0 860912.0
228885 514.615844607 510.318658471 0.00184669068614 515.0 510.0 522755.0
228886 884.509301543 144.298500419 1.32209657033e-07 885.0 144.0 148341.0
228886 1.62243020535 678.006528497 1.73429186699e-05 2.0 678.0 694274.0
228886 440.262114882 675.790687919 9.16054992466e-07 440.0 676.0 692664.0
228886 514.726660132 510.395465493 0.00174948224141 515.0 510.0 522755.0
228887 1.13519752026 14.2466050386 3.22205988439e-05 1.0 14.0 14337.0
228887 514.333042264 510.281432271 0.00178897541424 514.0 510.0 522754.0
228888 458.457298636 29.3059071302 8.55472248634e-05 458.0 29.0 30154.0
228888 514.087788463 510.124833703 0.00180885713597 514.0 510.0 522754.0
228889 514.827232242 510.216197848 0.00184221534669 515.0 510.0 522755.0
228890 514.727891088 510.170641541 0.00179537498619 515.0 510.0 522755.0
228891 2.80515253544 547.295760036 3.46462088267e-05 3.0 547.0 560131.0
228891 963.873198152 729.398200631 2.90375030839e-05 964.0 729.0 747460.0
228891 514.9512707 510.091891646 0.00171725712117 515.0 510.0 522755.0
228892 514.390438199 510.403444171 0.00176262732736 514.0 510.0 522754.0
228892 900.166892171 185.78693974 1.47547798715e-05 900.0 186.0 191364.0
228892 547.541640401 823.171221137 3.67902307769e-05 548.0 823.0 843300.0
228893 270.598739743 686.638477445 1.36526656593e-05 271.0 687.0 703759.0
228893 514.644759297 510.732608914 0.0017736477446 515.0 511.0 523779.0
228893 283.951656461 499.390112281 1.21312599608e-05 284.0 499.0 511260.0
228894 514.380805373 510.037615657 0.00178320392162 514.0 510.0 522754.0
228894 588.373821139 472.269162774 1.19747457094e-05 588.0 472.0 483916.0
228894 762.383205295 901.18836534 1.7871172926e-05 762.0 901.0 923386.0
228895 514.577452302 510.332787633 0.00188538345014 515.0 510.0 522755.0
228896 270.422383666 740.031053424 1.80127374055e-06 270.0 740.0 758030.0
228896 514.331087947 510.094270587 0.00180661496035 514.0 510.0 522754.0
228897 90.0002616644 206.452336669 7.06469334654e-06 90.0 206.0 211034.0
228897 514.356999993 510.134325147 0.00183224691836 514.0 510.0 522754.0
228897 245.458536506 458.453393817 5.6070675103e-07 245.0 458.0 469237.0
228898 514.705743909 510.161152005 0.00175254548368 515.0 510.0 522755.0
228899 514.636054873 510.177627444 0.0017878848687 515.0 510.0 522755.0
228899 967.339258313 732.777605891 4.95484368144e-05 967.0 733.0 751559.0
228900 514.799434543 510.125001788 0.00181319680531 515.0 510.0 522755.0
228901 514.631351113 510.115738511 0.0018040816419 515.0 510.0 522755.0
228902 316.157717824 982.454657912 4.11493193725e-05 316.0 982.0 1005884.0
228902 514.474155068 510.483965039 0.00182430044139 514.0 510.0 522754.0
228903 790.080036998 121.882209659 5.03710869573e-06 790.0 122.0 125718.0
228903 514.805041432 510.101879478 0.00179498417317 515.0 510.0 522755.0
228904 514.852639556 510.34382093 0.00186664296531 515.0 510.0 522755.0
228904 156.838577867 468.345289826 7.61868630449e-05 157.0 468.0 479389.0
228905 333.776881576 977.970725179 6.69189884409e-05 334.0 978.0 1001806.0
228905 514.888591409 510.3444134 0.00179966462999 515.0 510.0 522755.0
228906 514.524351478 510.615205884 0.00177145970083 515.0 511.0 523779.0
228906 132.226049066 172.352546811 4.09301459173e-05 132.0 172.0 176260.0
228907 514.205359817 510.051912189 0.00174472152969 514.0 510.0 522754.0
228907 187.678813577 484.753008962 1.86735277772e-06 188.0 485.0 496828.0
228908 514.968538165 510.493690372 0.0017910889763 515.0 510.0 522755.0
228908 785.578882813 922.546812415 2.70302879668e-06 786.0 923.0 945938.0
228909 720.828961492 300.20208919 2.61274780789e-05 721.0 300.0 307921.0
228909 514.73551333 510.589294314 0.00176652198059 515.0 511.0 523779.0
228910 514.658679128 510.859705806 0.00183483277666 515.0 511.0 523779.0
228911 205.522993207 176.145861983 1.72448676427e-05 206.0 176.0 180430.0
228911 514.583842874 510.472150922 0.0018118974478 515.0 510.0 522755.0
228912 514.595842004 510.624143481 0.00176563764271 515.0 511.0 523779.0
228913 514.193516612 510.647496819 0.00176104738519 514.0 511.0 523778.0
228913 992.027293086 8.20995128155 2.11866803211e-05 992.0 8.0 9184.0
228913 46.3414970636 98.7669125795 3.38481809934e-05 46.0 99.0 101422.0
228914 514.756037354 510.603018641 0.00181167325161 515.0 511.0 523779.0
228914 46.0086609125 200.662858844 8.40574457074e-06 46.0 201.0 205870.0
228915 64.3012601137 500.717718005 2.01059916776e-05 64.0 501.0 513088.0
228915 514.316884637 510.305625558 0.00174076739374 514.0 510.0 522754.0
228916 806.193457723 198.949055314 2.44551828556e-05 806.0 199.0 204582.0
228916 514.255081296 510.918484092 0.00185428614992 514.0 511.0 523778.0
228917 514.141852021 510.244048953 0.00179998454507 514.0 510.0 522754.0
228918 514.945403695 510.155553937 0.00183138344529 515.0 510.0 522755.0
228919 514.136258006 510.16333282 0.00176785719365 514.0 510.0 522754.0
