k x y F u v cell
638120 513.719575047 514.842005134 0.000507183345043 514.0 515.0 527874.0
638120 505.320991635 508.772074342 0.000775401453195 505.0 509.0 521721.0
638120 510.368406653 510.783007741 0.000859878582352 510.0 511.0 523774.0
638121 510.143654704 510.888539672 0.00092870082528 510.0 511.0 523774.0
638121 505.13327229 508.222104669 0.000763769230092 505.0 508.0 520697.0
638121 513.738452792 514.899398685 0.000498137298739 514.0 515.0 527874.0
638122 161.233935475 372.412573934 3.2627566789e-05 161.0 372.0 381089.0
638122 505.290100455 508.053265691 0.00074072108885 505.0 508.0 520697.0
638122 510.463024735 510.287721038 0.000955500671283 510.0 510.0 522750.0
638122 513.672063708 514.505084872 0.000496877296788 514.0 515.0 527874.0
638123 532.637671113 129.027756333 2.30100880263e-05 533.0 129.0 132629.0
638123 615.663054585 973.531152606 4.83727366075e-06 616.0 974.0 997992.0
638123 505.235117555 508.156845212 0.00072387294158 505.0 508.0 520697.0
638123 510.270130515 510.742031217 0.000913027840691 510.0 511.0 523774.0
638123 513.74362433 514.795149922 0.000467382031381 514.0 515.0 527874.0
638124 514.906905055 513.894015908 0.000401136155049 515.0 514.0 526851.0
638124 506.521827579 507.188075662 0.000807243691857 507.0 507.0 519675.0
638124 510.855958104 511.366556764 0.00093623154565 511.0 511.0 523775.0
638124 486.351277709 900.061143756 2.74035494294e-06 486.0 900.0 922086.0
638125 514.914784789 513.950696111 0.000461267170283 515.0 514.0 526851.0
638125 509.908926845 511.32182157 0.00094625947104 510.0 511.0 523774.0
638125 506.846482396 507.197627425 0.0008200982238 507.0 507.0 519675.0
638126 514.858507991 513.951113105 0.000493424342597 515.0 514.0 526851.0
638126 509.777054906 510.566065192 0.00101855268326 510.0 511.0 523774.0
638126 505.461632371 507.105607629 0.000556385280646 505.0 507.0 519673.0
638126 933.814401031 454.877492785 5.7756645106e-06 934.0 455.0 466854.0
638127 505.106445193 507.258009076 0.000752356017056 505.0 507.0 519673.0
638127 515.993376136 513.958249688 0.000340824741109 516.0 514.0 526852.0
638127 510.835212827 511.731130242 0.00105832721595 511.0 512.0 524799.0
638128 505.529514909 508.42996347 0.000825825915179 506.0 508.0 520698.0
638128 515.599788785 513.778974652 0.000385772492467 516.0 514.0 526852.0
638128 510.552403808 511.621060491 0.00100648241513 511.0 512.0 524799.0
638129 505.22290051 507.024654269 0.000786308586026 505.0 507.0 519673.0
638129 515.850224853 513.905289054 0.00035707844049 516.0 514.0 526852.0
638129 510.303124547 511.492324948 0.00103608544792 510.0 511.0 523774.0
638130 513.855781436 514.842695117 0.000490308302772 514.0 515.0 527874.0
638130 510.522692323 510.838711619 0.000904259596287 511.0 511.0 523775.0
638130 505.515118957 508.816546559 0.000763029664268 506.0 509.0 521722.0
638131 505.221053243 507.582347751 0.000840881046465 505.0 508.0 520697.0
638131 509.410887361 511.883767247 0.000901346994664 509.0 512.0 524797.0
638131 287.480808616 476.956144214 1.69783800264e-05 287.0 477.0 488735.0
638131 514.990755677 513.924571872 0.000541991709865 515.0 514.0 526851.0
638132 513.892158866 513.883185744 0.000574328421253 514.0 514.0 526850.0
638132 509.34988153 510.488072276 0.000901553124066 509.0 510.0 522749.0
638132 505.102429986 507.233038545 0.000680776443555 505.0 507.0 519673.0
638133 505.127498269 507.156482816 0.000809032270445 505.0 507.0 519673.0
638133 510.348246694 511.401703238 0.00100428856518 510.0 511.0 523774.0
638133 514.391351104 513.647371173 0.000429117996854 514.0 514.0 526850.0
638133 784.722042441 711.289279342 1.45372488237e-05 785.0 711.0 728849.0
638134 505.621396184 507.397863269 0.000818606494761 506.0 507.0 519674.0
638134 514.71826303 513.96240294 0.000463230995082 515.0 514.0 526851.0
638134 510.636185288 511.698847651 0.00099372125633 511.0 512.0 524799.0
638134 131.743409038 890.03265655 3.17899386614e-05 132.0 890.0 911492.0
638135 505.295543551 507.069105029 0.000790353826471 505.0 507.0 519673.0
638135 510.980750442 511.433616281 0.00103203975851 511.0 511.0 523775.0
638135 36.1960219145 176.217143893 5.17062195984e-05 36.0 176.0 180260.0
638135 514.997697949 513.85207212 0.000456349201869 515.0 514.0 526851.0
638136 505.014873147 507.180130124 0.000837939634321 505.0 507.0 519673.0
638136 510.347667575 511.642594218 0.00109325743813 510.0 512.0 524798.0
638136 514.976187825 513.699538112 0.000378715954396 515.0 514.0 526851.0
638136 185.793902278 22.3892947435 2.71833637129e-05 186.0 22.0 22714.0
638136 512.97636044 701.577638507 5.10756622484e-06 513.0 702.0 719361.0
638137 505.23131144 508.287553906 0.000709180776544 505.0 508.0 520697.0
638137 513.819584489 514.734871507 0.000503548716809 514.0 515.0 527874.0
638137 510.644548535 510.734105468 0.000866299085582 511.0 511.0 523775.0
638138 505.108080983 507.26479733 0.000788394098001 505.0 507.0 519673.0
638138 510.425201774 511.505232453 0.00107214347406 510.0 512.0 524798.0
638138 515.608884931 513.861250758 0.000389582300444 516.0 514.0 526852.0
638139 29.977853179 160.88154614 4.53683623985e-05 30.0 161.0 164894.0
638139 510.105561852 510.558905482 0.00108500577493 510.0 511.0 523774.0
638139 513.576779723 514.581115127 0.000497191943712 514.0 515.0 527874.0
638139 505.075379968 507.352239251 0.000700825864597 505.0 507.0 519673.0
638140 54.0667403936 107.634350896 6.55843081808e-05 54.0 108.0 110646.0
638140 308.327176929 658.544907212 3.22486648795e-05 308.0 659.0 675124.0
638140 510.715916753 511.72447288 0.00100830226859 511.0 512.0 524799.0
638140 505.175903916 507.181283832 0.000806649361938 505.0 507.0 519673.0
638140 514.954187989 513.875238538 0.000388529037717 515.0 514.0 526851.0
638141 506.113909125 507.241088033 0.000804440424531 506.0 507.0 519674.0
638141 515.776232839 513.890662789 0.000498662453209 516.0 514.0 526852.0
638141 509.338997245 511.478657365 0.000891286156168 509.0 511.0 523773.0
638142 505.125067592 507.415113091 0.00072650645411 505.0 507.0 519673.0
638142 512.273316979 513.976829171 0.000643070649301 512.0 514.0 526848.0
638142 510.172561049 510.425821424 0.000855226608226 510.0 510.0 522750.0
638143 510.589766145 511.206248641 0.00101055944628 511.0 511.0 523775.0
638143 505.532644391 507.092667222 0.000771815719992 506.0 507.0 519674.0
638143 513.749467015 513.526177049 0.000389291420025 514.0 514.0 526850.0
638144 505.111461997 507.117700219 0.000649454766562 505.0 507.0 519673.0
638144 513.613613486 513.744068742 0.000543915466763 514.0 514.0 526850.0
638144 773.282884002 185.753747106 2.68242869521e-05 773.0 186.0 191237.0
638144 509.404795051 510.514631391 0.000974075133106 509.0 511.0 523773.0
638145 505.080874085 507.142073274 0.00070254316046 505.0 507.0 519673.0
638145 512.911811709 513.667218804 0.000590465117348 513.0 514.0 526849.0
638145 510.529771447 510.46301043 0.000817075240447 511.0 510.0 522751.0
638146 568.868258119 373.118599057 8.20656511289e-06 569.0 373.0 382521.0
638146 720.374643445 489.195901513 8.1567327912e-06 720.0 489.0 501456.0
638146 510.438981652 510.751731753 0.000899199474478 510.0 511.0 523774.0
638146 110.452839255 12.3328837156 3.52358113059e-05 110.0 12.0 12398.0
638146 505.127927423 508.728366733 0.00076093820316 505.0 509.0 521721.0
638146 513.82197535 514.783067822 0.000492707871339 514.0 515.0 527874.0
638147 505.023939252 507.435736299 0.000870096789959 505.0 507.0 519673.0
638147 510.71480906 511.594743848 0.000921168808963 511.0 512.0 524799.0
638147 514.837136865 512.986738563 0.000453474384974 515.0 513.0 525827.0
638148 509.780618548 511.576813579 0.000934059798537 510.0 512.0 524798.0
638148 514.867916703 513.589889407 0.000509315624926 515.0 514.0 526851.0
638148 267.896681905 782.794184089 3.75811588069e-05 268.0 783.0 802060.0
638148 506.644895673 507.372793794 0.000720749179143 507.0 507.0 519675.0
638149 505.062891841 507.033843398 0.000736216684763 505.0 507.0 519673.0
638149 514.434027076 513.663062692 0.000342029278516 514.0 514.0 526850.0
638149 510.247327685 511.446891189 0.00103427834486 510.0 511.0 523774.0
638150 509.74212873 511.395316005 0.0009820646543 510.0 511.0 523774.0
638150 506.544133782 507.17306459 0.000773391127443 507.0 507.0 519675.0
638150 515.763646722 513.846509814 0.000490226185629 516.0 514.0 526852.0
638150 974.668542981 741.771745801 5.99218341973e-06 975.0 742.0 760783.0
638151 514.671376824 513.974919438 0.000371445644539 515.0 514.0 526851.0
638151 505.033270001 507.717312217 0.000745347800458 505.0 508.0 520697.0
638151 510.426762462 511.823841453 0.00107429808689 510.0 512.0 524798.0
638152 509.536721349 511.314676166 0.00106039886289 510.0 511.0 523774.0
638152 505.146263957 507.298533082 0.000654759046269 505.0 507.0 519673.0
638152 376.603540778 751.287451386 7.68210040184e-06 377.0 751.0 769401.0
638152 515.762826324 512.798124433 0.000488392230759 516.0 513.0 525828.0
638153 506.504541516 507.367488742 0.000754339545476 507.0 507.0 519675.0
638153 460.411358237 61.8936470747 8.77838788991e-06 460.0 62.0 63948.0
638153 509.603080153 511.880227685 0.000945915875274 510.0 512.0 524798.0
638153 514.62610662 513.970820069 0.000466112804284 515.0 514.0 526851.0
638154 513.545478225 513.395712256 0.000532124906429 514.0 513.0 525826.0
638154 504.093310714 507.074808478 0.000603955786675 504.0 507.0 519672.0
638154 510.539724231 510.297211528 0.000985632734915 511.0 510.0 522751.0
638155 515.967448592 513.376498103 0.000471987574686 516.0 513.0 525828.0
638155 509.760395408 511.32968533 0.00093679471869 510.0 511.0 523774.0
638155 506.67408216 507.294490933 0.000809142676905 507.0 507.0 519675.0
638155 204.434542537 165.519117475 1.8982967318e-05 204.0 166.0 170188.0
638156 510.294603467 510.425369859 0.000959595651745 510.0 510.0 522750.0
638156 513.496069789 514.439285398 0.000470096058885 513.0 514.0 526849.0
638156 505.201447368 508.328082681 0.000740675272985 505.0 508.0 520697.0
638156 91.8380957842 554.712806582 2.17786705305e-05 92.0 555.0 568412.0
638157 99.9172102213 233.421356082 3.68990634854e-05 100.0 233.0 238692.0
638157 512.298071504 513.654760957 0.000610072549059 512.0 514.0 526848.0
638157 505.136085868 507.036385417 0.000714999833587 505.0 507.0 519673.0
638157 510.252837777 510.281009316 0.000867835249867 510.0 510.0 522750.0
638158 505.26701653 507.191378474 0.000827416098507 505.0 507.0 519673.0
638158 862.134595752 974.436314702 7.48914039731e-06 862.0 974.0 998238.0
638158 510.392403722 511.567615867 0.00101498678445 510.0 512.0 524798.0
638158 514.54700911 513.760221124 0.000334984817158 515.0 514.0 526851.0
638159 510.866726279 511.80079782 0.00108110667056 511.0 512.0 524799.0
638159 514.940186143 514.838914037 0.000373869099969 515.0 515.0 527875.0
638159 505.363909602 507.381843686 0.000751045757145 505.0 507.0 519673.0
638160 992.562885642 894.650826097 7.21755283381e-07 993.0 895.0 917473.0
638160 135.617967963 7.77994859219 1.38748687603e-05 136.0 8.0 8328.0
638160 513.81492722 514.903570771 0.000458817553934 514.0 515.0 527874.0
638160 505.097726941 508.404123664 0.000777846115907 505.0 508.0 520697.0
638160 510.779148698 510.71747148 0.000883470979527 511.0 511.0 523775.0
638161 510.509512067 510.784568191 0.000860591807314 511.0 511.0 523775.0
638161 514.513639331 513.824667811 0.000508437483448 515.0 514.0 526851.0
638161 505.137592435 508.740033031 0.00078884168979 505.0 509.0 521721.0
638162 737.779136539 279.076390147 5.45621691042e-07 738.0 279.0 286434.0
638162 816.923655629 144.236287713 3.48759717351e-05 817.0 144.0 148273.0
638162 505.097358823 508.182272792 0.000724125017729 505.0 508.0 520697.0
638162 514.8121382 514.974753737 0.000511650474287 515.0 515.0 527875.0
638162 510.105785966 510.76528728 0.000947848943833 510.0 511.0 523774.0
638163 53.5510951281 940.823953032 3.07031994906e-05 54.0 941.0 963638.0
638163 514.717698455 514.967453599 0.000538724327641 515.0 515.0 527875.0
638163 510.498216987 510.79641664 0.000912675688166 510.0 511.0 523774.0
638163 505.063167214 508.525076985 0.000813888386473 505.0 509.0 521721.0
638164 514.970709682 513.370054841 0.000396728714712 515.0 513.0 525827.0
638164 505.562621474 507.159557939 0.000799556794033 506.0 507.0 519674.0
638164 510.777773976 511.342810512 0.000974033426059 511.0 511.0 523775.0
638165 506.427020669 507.08270514 0.000847992007967 506.0 507.0 519674.0
638165 509.653048873 511.224753737 0.000928502313178 510.0 511.0 523774.0
638165 514.827033639 513.853244185 0.000459836220996 515.0 514.0 526851.0
638166 505.01848948 507.268772244 0.000554104363542 505.0 507.0 519673.0
638166 509.052019238 510.731571555 0.000991150735488 509.0 511.0 523773.0
638166 514.406404376 513.797661424 0.000501791708152 514.0 514.0 526850.0
638167 505.366285443 507.383365989 0.000705973957773 505.0 507.0 519673.0
638167 510.74689877 510.476515889 0.000882766815348 511.0 510.0 522751.0
638167 512.852851272 513.685900331 0.000628873019891 513.0 514.0 526849.0
638168 510.080526233 511.710327506 0.00100657448008 510.0 512.0 524798.0
638168 505.050259471 507.415636897 0.000885480340296 505.0 507.0 519673.0
638168 514.246296287 513.807246804 0.000398383629561 514.0 514.0 526850.0
638169 510.68559134 511.67355454 0.00100682140896 511.0 512.0 524799.0
638169 505.682903171 507.258227468 0.000799649802681 506.0 507.0 519674.0
638169 515.747219205 513.720864177 0.000429426693805 516.0 514.0 526852.0
638170 521.120095849 851.183241487 9.68510193475e-06 521.0 851.0 871945.0
638170 985.131789565 248.723679185 2.02266595897e-06 985.0 249.0 255961.0
638170 511.427909017 510.210104346 0.000873415231658 511.0 510.0 522751.0
638170 513.975182176 514.9591676 0.000483456570361 514.0 515.0 527874.0
638170 505.006031156 508.141339421 0.000815048738713 505.0 508.0 520697.0
638171 514.808764338 513.685952067 0.000555189520162 515.0 514.0 526851.0
638171 509.77875483 511.36914289 0.000878981896207 510.0 511.0 523774.0
638171 505.384090304 507.239413857 0.000862930694928 505.0 507.0 519673.0
638172 509.418648362 510.46344173 0.000919009593962 509.0 510.0 522749.0
638172 513.710949779 513.651902318 0.000585063223788 514.0 514.0 526850.0
638172 505.157565475 507.222043395 0.000687314145701 505.0 507.0 519673.0
638173 514.576508403 513.927873731 0.000354887989648 515.0 514.0 526851.0
638173 510.284783483 511.450146794 0.0010477276124 510.0 511.0 523774.0
638173 982.508266568 876.398042798 4.07027932244e-05 983.0 876.0 898007.0
638173 505.075970769 507.196663976 0.000794276396577 505.0 507.0 519673.0
638173 622.074802756 966.987414718 4.32503838762e-05 622.0 967.0 990830.0
638174 505.202175975 507.50969398 0.000852327889204 505.0 508.0 520697.0
638174 514.449171662 513.93772018 0.000460835653779 514.0 514.0 526850.0
638174 510.296433091 511.625822663 0.00101804904529 510.0 512.0 524798.0
638175 828.84736073 493.578719974 1.12111072904e-05 829.0 494.0 506685.0
638175 3.44946300983 896.576223493 2.86260810997e-05 3.0 897.0 918531.0
638175 510.35379827 511.416331172 0.00102371849945 510.0 511.0 523774.0
638175 515.62904942 513.717507482 0.000428846130745 516.0 514.0 526852.0
638175 505.3408705 507.300479293 0.000786981483252 505.0 507.0 519673.0
638176 505.187648416 507.489511847 0.000827506847348 505.0 507.0 519673.0
638176 510.383879542 511.639044881 0.000983648096333 510.0 512.0 524798.0
638176 514.899141431 513.712506413 0.000376632224365 515.0 514.0 526851.0
638177 550.645322919 623.524396062 1.79445803966e-05 551.0 624.0 639527.0
638177 460.7767061 779.180977225 6.20527461737e-05 461.0 779.0 798157.0
638177 510.296718955 510.430464387 0.000850734015957 510.0 510.0 522750.0
638177 505.128548026 508.136280417 0.000714901768289 505.0 508.0 520697.0
638177 512.499230266 513.641680598 0.000534632296533 512.0 514.0 526848.0
638178 401.16206634 255.907303452 1.80160258365e-05 401.0 256.0 262545.0
638178 510.207278371 511.555568576 0.00106233595555 510.0 512.0 524798.0
638178 515.823663354 513.750881791 0.000392956910697 516.0 514.0 526852.0
638178 308.037552714 59.4746118784 1.72933652472e-05 308.0 59.0 60724.0
638178 505.038890243 507.384139419 0.000785641101155 505.0 507.0 519673.0
638179 513.624646068 514.755436301 0.000476583660239 514.0 515.0 527874.0
638179 505.320343614 507.352919221 0.000692595802014 505.0 507.0 519673.0
638179 510.391999602 510.723569751 0.00109694949647 510.0 511.0 523774.0
638180 513.526776433 513.93626368 0.000593417307163 514.0 514.0 526850.0
638180 931.432006717 914.300692916 1.06074730994e-05 931.0 914.0 936867.0
638180 783.623071074 250.649764657 2.47303367995e-05 784.0 251.0 257808.0
638180 271.045208573 596.060228944 2.44074072169e-05 271.0 596.0 610575.0
638180 505.167664647 507.182164311 0.000699430434163 505.0 507.0 519673.0
638180 509.398778796 510.391950727 0.000870388904756 509.0 510.0 522749.0
638181 506.118842721 507.420134425 0.000816605894049 506.0 507.0 519674.0
638181 514.547510505 513.648406148 0.000497067150828 515.0 514.0 526851.0
638181 509.213534713 511.448543191 0.000905157212174 509.0 511.0 523773.0
638182 505.019774556 507.350882411 0.000731831673832 505.0 507.0 519673.0
638182 512.299555659 513.890266299 0.000614848558233 512.0 514.0 526848.0
638182 510.216398597 510.490844846 0.000856218985086 510.0 510.0 522750.0
638182 264.021652102 833.928442359 3.28895468678e-06 264.0 834.0 854280.0
638183 510.563045382 511.263627172 0.000923410439253 511.0 511.0 523775.0
638183 513.883169055 513.277893424 0.000392871127488 514.0 513.0 525826.0
638183 506.117779851 507.133634686 0.000794976236774 506.0 507.0 519674.0
638184 505.58988893 507.172697186 0.000668348637175 506.0 507.0 519674.0
638184 513.946763873 513.665683866 0.000558126382315 514.0 514.0 526850.0
638184 509.755662322 510.522606492 0.000984981834517 510.0 511.0 523774.0
638185 510.550426364 510.29068768 0.000826261143462 511.0 510.0 522751.0
638185 512.605911374 513.860628963 0.000659352717069 513.0 514.0 526849.0
638185 505.490202546 507.219274402 0.000711251494078 505.0 507.0 519673.0
638186 513.584241986 514.759981751 0.00051699302438 514.0 515.0 527874.0
638186 505.13273561 508.511884332 0.000779461747499 505.0 509.0 521721.0
638186 510.306785226 510.734479785 0.000913269019968 510.0 511.0 523774.0
638187 514.808213353 512.638934255 0.000432472210745 515.0 513.0 525827.0
638187 510.484829783 511.610024095 0.000876001233181 510.0 512.0 524798.0
638187 505.331390738 507.579223037 0.000873360382002 505.0 508.0 520697.0
638188 509.297189832 511.105315089 0.000868497817515 509.0 511.0 523773.0
638188 514.721398711 513.290102839 0.00051434320745 515.0 513.0 525827.0
638188 506.053315043 507.10180223 0.000763517659855 506.0 507.0 519674.0
638189 513.705511212 514.966494203 0.000512570587858 514.0 515.0 527874.0
638189 505.007024884 508.517088294 0.00074728575373 505.0 509.0 521721.0
638189 510.465634704 510.776277661 0.000901192277924 510.0 511.0 523774.0
638190 825.837782741 876.527741313 2.20985665199e-05 826.0 877.0 898874.0
638190 509.459137797 511.228427529 0.00095704270845 509.0 511.0 523773.0
638190 515.593537927 513.248546243 0.000489306618523 516.0 513.0 525828.0
638190 506.437703013 507.099241376 0.000731758318197 506.0 507.0 519674.0
638191 505.056481004 507.534744859 0.000668338335172 505.0 508.0 520697.0
638191 324.531617284 565.673534274 4.30588915669e-06 325.0 566.0 579909.0
638191 745.237613082 876.660389066 2.37450712202e-05 745.0 877.0 898793.0
638191 512.335144162 513.826821208 0.000647188953766 512.0 514.0 526848.0
638191 510.326396108 510.752618194 0.000850016811228 510.0 511.0 523774.0
638192 506.013255715 507.176459908 0.000729436453019 506.0 507.0 519674.0
638192 514.285076499 513.44018209 0.000506282857251 514.0 513.0 525826.0
638192 509.073857427 511.270435214 0.000932001688314 509.0 511.0 523773.0
638193 514.827271819 513.655354381 0.000473686171515 515.0 514.0 526851.0
638193 509.68690598 511.590618968 0.000923626042622 510.0 512.0 524798.0
638193 506.496806264 507.295209527 0.000771410835602 506.0 507.0 519674.0
638194 504.513564229 507.209710717 0.000601635741811 505.0 507.0 519673.0
638194 512.986073375 513.674067855 0.000508355536047 513.0 514.0 526849.0
638194 510.920321584 510.540446401 0.00100947073117 511.0 511.0 523775.0
638195 515.950085998 513.612192273 0.000473382592511 516.0 514.0 526852.0
638195 965.377690911 439.449807525 3.52775781855e-05 965.0 439.0 450501.0
638195 355.067319512 527.56528914 3.01262324577e-06 355.0 528.0 541027.0
638195 506.446385264 507.191599488 0.000814207927685 506.0 507.0 519674.0
638195 509.592498422 511.221322417 0.000897225169946 510.0 511.0 523774.0
638196 513.609323144 514.924018979 0.000519556886815 514.0 515.0 527874.0
638196 510.597381473 510.552470088 0.000984153734113 511.0 511.0 523775.0
638196 505.304439425 508.141637921 0.000707476414353 505.0 508.0 520697.0
638197 886.568370223 786.751917481 1.45545525283e-05 887.0 787.0 806775.0
638197 49.3475199938 938.227455258 7.08979281081e-05 49.0 938.0 960561.0
638197 510.748730779 510.263617158 0.000876093705095 511.0 510.0 522751.0
638197 505.55881989 507.102442861 0.000706344750397 506.0 507.0 519674.0
638197 668.023558259 511.175254703 1.71203134337e-05 668.0 511.0 523932.0
638197 512.925441146 513.997441411 0.00057587680249 513.0 514.0 526849.0
638198 505.182467341 507.154773831 0.000856408079385 505.0 507.0 519673.0
638198 510.375556111 511.301871896 0.0010352673975 510.0 511.0 523774.0
638198 514.884792447 513.698726296 0.000353358378325 515.0 514.0 526851.0
638198 277.053946376 921.103433251 4.42847695292e-07 277.0 921.0 943381.0
638199 514.950038314 514.852465987 0.000385063368502 515.0 515.0 527875.0
638199 505.420291543 507.172752261 0.000729421573769 505.0 507.0 519673.0
638199 510.504437566 511.75244081 0.00108291758682 511.0 512.0 524799.0
638200 510.335001111 510.83692944 0.000895740394243 510.0 511.0 523774.0
638200 645.068835139 566.522113919 3.03317222227e-06 645.0 567.0 581253.0
638200 513.969538093 514.889870048 0.000463928344559 514.0 515.0 527874.0
638200 638.400197387 355.394554973 1.13593315951e-05 638.0 355.0 364158.0
638200 505.161131263 508.156530499 0.000765602908644 505.0 508.0 520697.0
638201 514.456157804 513.715183377 0.000531734276452 514.0 514.0 526850.0
638201 510.038837075 510.631335139 0.000876641094552 510.0 511.0 523774.0
