k x y F u v cell
1107680 500.315734029 526.603671432 0.00102928190527 500.0 527.0 540148.0
1107680 253.931618333 387.80647552 1.86256538349e-05 254.0 388.0 397566.0
1107680 350.164293885 499.170012832 3.08732869445e-05 350.0 499.0 511326.0
1107680 512.529227853 512.005504727 0.00104940934872 513.0 512.0 524801.0
1107680 352.093933463 129.120555758 9.25340089756e-06 352.0 129.0 132448.0
1107681 512.530128837 512.480367541 0.000924800659991 513.0 512.0 524801.0
1107681 500.509474874 526.997369409 0.000988246405648 501.0 527.0 540149.0
1107682 512.823176742 512.233637929 0.000999765891425 513.0 512.0 524801.0
1107682 500.31139338 526.653531432 0.000959076662556 500.0 527.0 540148.0
1107683 512.760613561 512.023283124 0.00100296285801 513.0 512.0 524801.0
1107683 500.166360974 526.147271514 0.00101339214071 500.0 526.0 539124.0
1107683 980.910980344 134.368460536 4.4021133377e-06 981.0 134.0 138197.0
1107683 670.211666465 597.884199739 5.73331441783e-06 670.0 598.0 613022.0
1107684 512.344025731 512.022790551 0.000987681931679 512.0 512.0 524800.0
1107684 500.317175508 526.023007035 0.00108491492944 500.0 526.0 539124.0
1107685 512.902391315 512.550745368 0.00101672393337 513.0 513.0 525825.0
1107685 500.79528439 526.703143001 0.000990521266126 501.0 527.0 540149.0
1107686 500.176752687 526.515368819 0.00105203782777 500.0 527.0 540148.0
1107686 534.484653354 147.121991515 1.36683814625e-05 534.0 147.0 151062.0
1107686 512.977503657 512.061076045 0.00102198375306 513.0 512.0 524801.0
1107686 643.183291316 477.308466315 8.12674495907e-06 643.0 477.0 489091.0
1107686 754.027110696 362.667866111 3.84920318936e-07 754.0 363.0 372466.0
1107687 500.900238156 526.657871604 0.00100941396189 501.0 527.0 540149.0
1107687 512.411805034 512.337281346 0.00102294895849 512.0 512.0 524800.0
1107688 500.176018834 526.552374005 0.000976544995243 500.0 527.0 540148.0
1107688 65.3813668489 102.326339841 5.90487018284e-06 65.0 102.0 104513.0
1107688 298.904816747 821.876328111 3.91030851447e-05 299.0 822.0 842027.0
1107688 512.458900809 512.377972722 0.000992670792081 512.0 512.0 524800.0
1107689 512.925582528 512.817251086 0.00102210596358 513.0 513.0 525825.0
1107689 575.052510142 724.700117469 4.8603375075e-06 575.0 725.0 742975.0
1107689 500.417209268 526.876722455 0.00100630558197 500.0 527.0 540148.0
1107690 500.850268722 526.619630218 0.00102110284927 501.0 527.0 540149.0
1107690 512.928771615 512.190633893 0.000966601998207 513.0 512.0 524801.0
1107690 645.625555396 252.830431104 3.15824100745e-05 646.0 253.0 259718.0
1107691 512.753794789 512.469676852 0.0010059770859 513.0 512.0 524801.0
1107691 500.140241027 526.586446643 0.000965721261635 500.0 527.0 540148.0
1107692 590.919804454 987.428187013 3.9068444404e-05 591.0 987.0 1011279.0
1107692 500.50280416 526.246880174 0.000986667641648 501.0 526.0 539125.0
1107692 512.93985498 512.156048894 0.00102842100657 513.0 512.0 524801.0
1107693 500.503576636 526.825799584 0.000975448560994 501.0 527.0 540149.0
1107693 512.913079619 512.394963861 0.000992683738602 513.0 512.0 524801.0
1107694 500.722247005 526.779333949 0.00100190335519 501.0 527.0 540149.0
1107694 92.7797254324 796.492821574 6.4170187812e-06 93.0 796.0 815197.0
1107694 512.012023807 512.777360559 0.000927715287115 512.0 513.0 525824.0
1107694 599.61105907 393.973796248 3.28232039371e-06 600.0 394.0 404056.0
1107695 500.092547536 526.911435962 0.00103084377816 500.0 527.0 540148.0
1107695 512.423530698 512.51027 0.000964262324189 512.0 513.0 525824.0
1107696 638.425305009 375.901297927 1.04927521274e-07 638.0 376.0 385662.0
1107696 512.418148875 512.965358377 0.000982605338015 512.0 513.0 525824.0
1107696 975.755636096 896.823410392 6.25458082349e-06 976.0 897.0 919504.0
1107696 500.181611657 526.969249368 0.000985513857013 500.0 527.0 540148.0
1107697 523.678779244 839.094954371 9.63505645505e-06 524.0 839.0 859660.0
1107697 500.095844626 526.823164821 0.000946176917887 500.0 527.0 540148.0
1107697 512.431336999 512.508073449 0.00100074921094 512.0 513.0 525824.0
1107698 772.001909375 524.254107594 1.15019304416e-05 772.0 524.0 537348.0
1107698 500.400139928 526.883884311 0.00104684534155 500.0 527.0 540148.0
1107698 53.0899504423 562.515045762 2.10085508853e-06 53.0 563.0 576565.0
1107698 512.829615235 512.399134994 0.000961596008418 513.0 512.0 524801.0
1107699 512.972133994 512.473367572 0.00102271295438 513.0 512.0 524801.0
1107699 500.072018504 526.841598392 0.000976728498689 500.0 527.0 540148.0
1107700 512.705654025 512.416659474 0.000992007104368 513.0 512.0 524801.0
1107700 409.739663243 355.032134652 1.71267628136e-05 410.0 355.0 363930.0
1107700 500.150768161 526.86073029 0.00100955703032 500.0 527.0 540148.0
1107701 500.247617602 526.808993936 0.000949621444837 500.0 527.0 540148.0
1107701 45.0677067041 983.14597857 5.74826695245e-06 45.0 983.0 1006637.0
1107701 512.978231072 512.191169143 0.000980524899084 513.0 512.0 524801.0
1107702 512.401074767 512.080185771 0.00100549166462 512.0 512.0 524800.0
1107702 500.252417684 526.740830541 0.00104126300364 500.0 527.0 540148.0
1107703 500.130588174 526.158679843 0.00101015587344 500.0 526.0 539124.0
1107703 455.669350266 573.978779912 1.7948713679e-05 456.0 574.0 588232.0
1107703 512.486320376 512.144886851 0.00100981908368 512.0 512.0 524800.0
1107704 500.710244775 526.062430739 0.00101630185645 501.0 526.0 539125.0
1107704 735.032178044 664.562452197 2.53816015891e-05 735.0 665.0 681695.0
1107704 512.682689309 512.02909863 0.00104947086247 513.0 512.0 524801.0
1107705 512.561485887 512.353253007 0.00104378785015 513.0 512.0 524801.0
1107705 116.715529323 650.112016082 5.87057312136e-05 117.0 650.0 665717.0
1107705 500.42573607 526.759859681 0.000966910378576 500.0 527.0 540148.0
1107706 496.707779288 166.43999517 5.47436879065e-06 497.0 166.0 170481.0
1107706 500.220075727 526.752299905 0.000986621045514 500.0 527.0 540148.0
1107706 862.544562697 136.045094132 1.15809179586e-05 863.0 136.0 140127.0
1107706 512.3808707 512.277873158 0.000968959960433 512.0 512.0 524800.0
1107707 500.157854915 526.115694165 0.00101191767208 500.0 526.0 539124.0
1107707 512.976754069 512.311920047 0.00101804505483 513.0 512.0 524801.0
1107708 500.230573535 526.499509215 0.00100923536908 500.0 526.0 539124.0
1107708 512.76613462 512.453225017 0.000986363026601 513.0 512.0 524801.0
1107708 372.675338626 517.778656363 7.38678457608e-06 373.0 518.0 530805.0
1107708 776.275350213 1017.06101096 3.21923825677e-05 776.0 1017.0 1042184.0
1107709 512.617282271 512.708484054 0.00101008993236 513.0 513.0 525825.0
1107709 500.56678164 526.774342179 0.000993775921445 501.0 527.0 540149.0
1107710 512.521288276 512.960432649 0.0010149784949 513.0 513.0 525825.0
1107710 500.014813781 526.305936456 0.000999626874374 500.0 526.0 539124.0
1107711 512.430439115 512.480541825 0.000971371107674 512.0 512.0 524800.0
1107711 388.991716027 130.843349814 3.40335693984e-06 389.0 131.0 134533.0
1107711 500.196212173 526.575457692 0.00100069334396 500.0 527.0 540148.0
1107712 500.221877456 526.303090453 0.00104545668789 500.0 526.0 539124.0
1107712 854.716305137 680.941354394 2.75036537907e-06 855.0 681.0 698199.0
1107712 512.886927247 512.154154897 0.000971283311914 513.0 512.0 524801.0
1107713 500.908260942 526.798621058 0.00095885981428 501.0 527.0 540149.0
1107713 512.80871284 512.680522084 0.000964364604763 513.0 513.0 525825.0
1107713 418.524347663 1019.95121062 3.24108046802e-07 419.0 1020.0 1044899.0
1107713 832.922775865 248.182721257 3.15490179876e-05 833.0 248.0 254785.0
1107714 500.823979974 526.974716067 0.00102825551485 501.0 527.0 540149.0
1107714 512.963056922 512.206025243 0.0010068900556 513.0 512.0 524801.0
1107715 500.32497251 526.430912137 0.000959910886031 500.0 526.0 539124.0
1107715 512.535356402 512.2019068 0.000984395798264 513.0 512.0 524801.0
1107715 838.731171489 597.923015237 3.40806226188e-05 839.0 598.0 613191.0
1107716 500.572733283 526.686413169 0.00101962543652 501.0 527.0 540149.0
1107716 512.181995273 512.625688672 0.000932103526538 512.0 513.0 525824.0
1107716 1003.9830898 623.57552588 1.13295400897e-05 1004.0 624.0 639980.0
1107717 500.69688499 526.959807754 0.000959515628411 501.0 527.0 540149.0
1107717 512.802940965 512.550863624 0.000971102589578 513.0 513.0 525825.0
1107718 685.553768516 458.046966434 3.6660067879e-05 686.0 458.0 469678.0
1107718 500.032102704 526.878332019 0.000983506736292 500.0 527.0 540148.0
1107718 512.414677501 512.846123099 0.000967697946005 512.0 513.0 525824.0
1107719 512.663149238 512.451594234 0.000928508752393 513.0 512.0 524801.0
1107719 500.563537955 526.741772056 0.00102715567191 501.0 527.0 540149.0
1107720 500.118801713 526.860347629 0.00103291426345 500.0 527.0 540148.0
1107720 512.007210612 512.211067319 0.000944701204567 512.0 512.0 524800.0
1107721 500.47230041 526.785297513 0.000937652069264 500.0 527.0 540148.0
1107721 872.413414121 877.86795938 5.08058433623e-06 872.0 878.0 899944.0
1107721 452.033604026 297.468397975 1.29132809823e-05 452.0 297.0 304580.0
1107721 512.187021375 512.616724372 0.00103246210057 512.0 513.0 525824.0
1107722 500.01116693 526.922080398 0.00101161368279 500.0 527.0 540148.0
1107722 512.981380582 512.423062682 0.000999292315513 513.0 512.0 524801.0
1107722 450.728626847 768.212031722 8.81412028583e-06 451.0 768.0 786883.0
1107722 205.145181537 229.9588238 3.35245071194e-05 205.0 230.0 235725.0
1107723 512.525337815 512.074166179 0.00100016613635 513.0 512.0 524801.0
1107723 500.427602172 526.690631986 0.000956718802552 500.0 527.0 540148.0
1107724 512.973379493 512.33229816 0.0010263015543 513.0 512.0 524801.0
1107724 500.212942719 526.350899816 0.000974501399908 500.0 526.0 539124.0
1107724 551.965458274 55.6803501844 1.70653494106e-06 552.0 56.0 57896.0
1107725 512.362897754 512.539820075 0.000983423228577 512.0 513.0 525824.0
1107725 500.007089496 526.663024306 0.00101883425816 500.0 527.0 540148.0
1107726 500.515735269 526.792988658 0.000990964449103 501.0 527.0 540149.0
1107726 57.4700418711 878.413740754 5.80555396517e-06 57.0 878.0 899129.0
1107726 512.942281842 512.725238681 0.000967815195482 513.0 513.0 525825.0
1107727 743.278974891 423.629379392 1.69131801453e-05 743.0 424.0 434919.0
1107727 161.930596232 549.576701045 7.13747407091e-07 162.0 550.0 563362.0
1107727 512.289599299 512.342024684 0.00101810525746 512.0 512.0 524800.0
1107727 500.025565505 526.520858169 0.00101234363322 500.0 527.0 540148.0
1107728 81.7962008715 522.466766 2.23749713156e-06 82.0 522.0 534610.0
1107728 500.125082612 526.623468041 0.000977104710897 500.0 527.0 540148.0
1107728 512.316713691 512.466831326 0.00101665219864 512.0 512.0 524800.0
1107729 500.008896947 526.206439853 0.00101603380643 500.0 526.0 539124.0
1107729 46.2470494509 772.789346814 1.6547927842e-05 46.0 773.0 791598.0
1107729 512.022928834 512.147472739 0.00100266631106 512.0 512.0 524800.0
1107730 512.72818172 512.867483735 0.000965924274514 513.0 513.0 525825.0
1107730 848.58719337 932.610129952 4.25400544792e-06 849.0 933.0 956241.0
1107730 500.632093787 526.961403728 0.000954143662759 501.0 527.0 540149.0
1107730 51.1316479445 344.659456372 1.89353750804e-05 51.0 345.0 353331.0
1107731 500.517747521 526.916939139 0.00101675222975 501.0 527.0 540149.0
1107731 512.353771329 512.329266191 0.000972799664215 512.0 512.0 524800.0
1107731 691.707872033 810.313560367 3.95674003902e-06 692.0 810.0 830132.0
1107731 599.442292333 350.029816508 9.86139919431e-06 599.0 350.0 358999.0
1107732 512.191823125 512.122475505 0.000948256376634 512.0 512.0 524800.0
1107732 500.641685128 526.943041205 0.000986442434631 501.0 527.0 540149.0
1107733 512.878865838 512.542458415 0.00100461360017 513.0 513.0 525825.0
1107733 500.273869395 526.980733514 0.0010177016303 500.0 527.0 540148.0
1107734 795.259937644 558.777272582 6.49700919931e-07 795.0 559.0 573211.0
1107734 512.415844083 512.353090882 0.00100335510655 512.0 512.0 524800.0
1107734 500.022036195 526.993164182 0.00094906014824 500.0 527.0 540148.0
1107735 209.259990573 184.850680709 5.33367441069e-07 209.0 185.0 189649.0
1107735 500.546073318 526.988841414 0.00103740662198 501.0 527.0 540149.0
1107735 512.938217282 512.896947503 0.00102386532374 513.0 513.0 525825.0
1107735 117.258565545 489.722891927 4.36666032787e-06 117.0 490.0 501877.0
1107736 512.739074588 512.009620786 0.000943793676211 513.0 512.0 524801.0
1107736 500.292435527 526.031124949 0.0010002883979 500.0 526.0 539124.0
1107737 512.204182506 512.519577146 0.000995232407512 512.0 513.0 525824.0
1107737 500.121793151 526.790114045 0.00102822275609 500.0 527.0 540148.0
1107737 116.745256782 413.001056075 4.08419515757e-06 117.0 413.0 423029.0
1107738 500.744612098 526.668756127 0.00102233580432 501.0 527.0 540149.0
1107738 512.859945893 512.281601787 0.000964723744265 513.0 512.0 524801.0
1107738 687.519128442 737.346990466 4.50352457438e-06 688.0 737.0 755376.0
1107739 500.553363919 526.478176713 0.000972596032652 501.0 526.0 539125.0
1107739 512.727318406 512.365908504 0.00100491230202 513.0 512.0 524801.0
1107739 283.399675012 16.6907044649 5.29027904452e-05 283.0 17.0 17691.0
1107739 613.663050294 543.257366061 7.50546158611e-07 614.0 543.0 556646.0
1107740 512.946356893 512.599122405 0.00097978918024 513.0 513.0 525825.0
1107740 500.667618394 526.901900887 0.000946297336607 501.0 527.0 540149.0
1107741 512.927857757 512.443821073 0.00097816183724 513.0 512.0 524801.0
1107741 905.697527528 453.38636148 6.93850370011e-06 906.0 453.0 464778.0
1107741 500.67969358 526.736354947 0.000999435946413 501.0 527.0 540149.0
1107741 605.968466163 252.017121196 3.22269655786e-07 606.0 252.0 258654.0
1107742 253.063740373 288.697516084 5.0981334512e-06 253.0 289.0 296189.0
1107742 512.715198398 512.737739205 0.000968323185929 513.0 513.0 525825.0
1107742 233.815889716 754.106473565 1.77468971236e-05 234.0 754.0 772330.0
1107742 500.540190578 526.947408557 0.000995186913861 501.0 527.0 540149.0
1107743 512.5313133 512.629769444 0.00100526777153 513.0 513.0 525825.0
1107743 500.345679641 526.849616408 0.000970073834081 500.0 527.0 540148.0
1107744 512.974584699 512.181649566 0.00100637417626 513.0 512.0 524801.0
1107744 500.729535937 526.976462245 0.00104203398948 501.0 527.0 540149.0
1107745 11.4307266474 710.82799232 1.10279973199e-05 11.0 711.0 728075.0
1107745 512.65478909 512.200134397 0.00102458038321 513.0 512.0 524801.0
1107745 500.849804997 526.771284938 0.000989600297477 501.0 527.0 540149.0
1107746 512.883764386 512.096274734 0.00100462090472 513.0 512.0 524801.0
1107746 500.034458995 526.416449904 0.000966140859957 500.0 526.0 539124.0
1107747 512.428660512 512.026109815 0.000993464771903 512.0 512.0 524800.0
1107747 500.52339828 526.96121037 0.000969809021598 501.0 527.0 540149.0
1107748 512.327667356 512.546725154 0.000970093519306 512.0 513.0 525824.0
1107748 500.131778598 526.982135892 0.00097214980557 500.0 527.0 540148.0
1107748 902.791578174 368.883249164 6.54410054007e-06 903.0 369.0 378759.0
1107749 500.089195848 526.612185597 0.000995248014393 500.0 527.0 540148.0
1107749 512.866594911 512.327190757 0.000987091957813 513.0 512.0 524801.0
1107750 500.216567874 526.655723929 0.000975267421781 500.0 527.0 540148.0
1107750 512.474676967 512.031459928 0.0010013003725 512.0 512.0 524800.0
1107751 512.584643722 512.560027719 0.000978707425245 513.0 513.0 525825.0
1107751 500.515220761 526.187945485 0.000970246664412 501.0 526.0 539125.0
1107752 500.451658368 526.916724324 0.000993272799024 500.0 527.0 540148.0
1107752 512.955034852 512.517463326 0.00100658796401 513.0 513.0 525825.0
1107753 512.326385617 512.352494359 0.000979695717817 512.0 512.0 524800.0
1107753 107.681562543 32.4718981981 6.1716103906e-05 108.0 32.0 32876.0
1107753 500.087247968 526.930292249 0.000973655591527 500.0 527.0 540148.0
1107753 43.6586347818 93.8398679495 1.63912514842e-05 44.0 94.0 96300.0
1107754 500.110273719 526.527575374 0.000999764080178 500.0 527.0 540148.0
1107754 512.469445586 512.347511172 0.000986716007581 512.0 512.0 524800.0
1107754 427.418195128 891.100190282 5.95789555436e-06 427.0 891.0 912811.0
1107755 133.475446343 897.535329938 2.49239556907e-06 133.0 898.0 919685.0
1107755 991.107325912 1015.16303432 7.5068668074e-05 991.0 1015.0 1040351.0
1107755 512.084231257 512.391596437 0.00097752627843 512.0 512.0 524800.0
1107755 500.018826127 526.886916041 0.000983861293987 500.0 527.0 540148.0
1107755 591.864568591 654.190953374 1.3491034392e-05 592.0 654.0 670288.0
1107756 512.86230123 512.157483935 0.00101343922265 513.0 512.0 524801.0
1107756 500.161325336 526.254987836 0.000978490426057 500.0 526.0 539124.0
1107756 128.69501102 868.434014201 2.49073108413e-05 129.0 868.0 888961.0
1107757 970.075639606 795.040963531 6.87844117025e-06 970.0 795.0 815050.0
1107757 512.628972411 512.517573476 0.000960671709951 513.0 513.0 525825.0
1107757 749.711473584 933.254340768 4.90029018705e-06 750.0 933.0 956142.0
1107757 500.212469935 526.82742846 0.00103551476354 500.0 527.0 540148.0
1107758 500.491226077 526.567975402 0.000980297734475 500.0 527.0 540148.0
1107758 512.583626628 512.206632257 0.00104835832575 513.0 512.0 524801.0
1107759 30.6616557837 339.089386344 2.11988501424e-05 31.0 339.0 347167.0
1107759 500.032597423 526.632649779 0.00103162530357 500.0 527.0 540148.0
1107759 820.530917287 413.127360702 8.59544516277e-07 821.0 413.0 423733.0
1107759 512.046845317 512.109947085 0.000993332404811 512.0 512.0 524800.0
1107760 524.084850192 69.8829056025 2.70508654504e-05 524.0 70.0 72204.0
1107760 512.90561974 512.013044953 0.000993114760519 513.0 512.0 524801.0
1107760 500.153343797 526.718249679 0.00108548250373 500.0 527.0 540148.0
1107761 500.585862756 526.785770297 0.0010288475021 501.0 527.0 540149.0
1107761 512.737369418 512.531636834 0.00100144728261 513.0 513.0 525825.0
1107762 60.9059289694 982.214771867 5.21004989661e-06 61.0 982.0 1005629.0
1107762 500.304113269 526.632299781 0.00101015558068 500.0 527.0 540148.0
1107762 512.335288167 512.528685451 0.00103188072205 512.0 513.0 525824.0
1107763 236.743420005 732.998038173 1.06819246995e-05 237.0 733.0 750829.0
1107763 500.459465146 526.64792788 0.00101724953818 500.0 527.0 540148.0
1107763 512.936092734 512.033450961 0.00103502087643 513.0 512.0 524801.0
1107764 267.63527596 705.795102715 9.0846727868e-06 268.0 706.0 723212.0
1107764 512.569982648 512.39712894 0.00104990639002 513.0 512.0 524801.0
1107764 500.225836396 526.821318746 0.000959559601122 500.0 527.0 540148.0
1107765 512.537958741 512.256312966 0.00101720216655 513.0 512.0 524801.0
1107765 500.223344445 526.55256021 0.00101062589147 500.0 527.0 540148.0
1107766 500.820889831 526.716230273 0.00103061696099 501.0 527.0 540149.0
1107766 512.972990632 512.501323581 0.000990708346837 513.0 513.0 525825.0
1107767 512.417876601 512.120728612 0.000999552324882 512.0 512.0 524800.0
1107767 500.15850389 526.913926005 0.000946315272658 500.0 527.0 540148.0
1107767 178.391351342 39.3243392706 1.05074935251e-05 178.0 39.0 40114.0
1107768 512.330745339 512.419456363 0.00103803475462 512.0 512.0 524800.0
1107768 277.825041175 891.433294415 1.82506207933e-05 278.0 891.0 912662.0
1107768 500.32139957 526.655666947 0.000999522255378 500.0 527.0 540148.0
1107768 144.228422523 779.596127868 4.37008790022e-05 144.0 780.0 798864.0
1107769 512.759014726 512.057390094 0.00098965863994 513.0 512.0 524801.0
1107769 500.563482881 526.49571383 0.00100808820618 501.0 526.0 539125.0
1107770 500.08187139 526.564563632 0.000997519065318 500.0 527.0 540148.0
1107770 512.381404042 512.330113292 0.00100245659345 512.0 512.0 524800.0
1107771 500.160214543 526.761705279 0.000966345538316 500.0 527.0 540148.0
1107771 512.84857738 512.625094771 0.000973593893137 513.0 513.0 525825.0
1107772 512.973981977 512.077404141 0.0010539717333 513.0 512.0 524801.0
1107772 500.782751441 526.60516727 0.00101555274108 501.0 527.0 540149.0
1107772 14.8812247515 162.446885705 1.53273574323e-06 15.0 162.0 165903.0
1107773 1020.33961093 78.3117915392 4.30905572895e-05 1020.0 78.0 80892.0
1107773 500.715123534 526.348799825 0.000978557296208 501.0 526.0 539125.0
1107773 512.91676271 512.092002511 0.00101282519052 513.0 512.0 524801.0
1107774 247.125564218 423.159321666 5.79817868632e-06 247.0 423.0 433399.0
1107774 512.530541778 512.006100535 0.000991938893373 513.0 512.0 524801.0
1107774 500.020634294 526.115522981 0.000977468924801 500.0 526.0 539124.0
1107775 512.48582232 512.410151124 0.00102170468592 512.0 512.0 524800.0
1107775 500.068200707 526.817472577 0.000979608348468 500.0 527.0 540148.0
1107776 500.238538623 526.722391248 0.000994028595276 500.0 527.0 540148.0
1107776 512.46693027 512.424830317 0.00101406205495 512.0 512.0 524800.0
1107777 512.847140431 512.295182347 0.000997469815215 513.0 512.0 524801.0
1107777 500.669468284 526.487241626 0.00105147836383 501.0 526.0 539125.0
1107778 512.216300368 512.510870099 0.000998224064686 512.0 513.0 525824.0
1107778 500.087018609 526.818086028 0.00102896347367 500.0 527.0 540148.0
1107779 500.368234038 526.417212844 0.000999558984328 500.0 526.0 539124.0
1107779 734.413846612 873.261933684 3.20849227535e-05 734.0 873.0 894686.0
1107779 512.965587735 512.33877933 0.000991734465204 513.0 512.0 524801.0
1107779 417.645573974 237.845523 1.08162816632e-05 418.0 238.0 244130.0
1107780 512.597039104 512.239598393 0.000961075807795 513.0 512.0 524801.0
1107780 509.610874772 295.429442048 1.12694063885e-05 510.0 295.0 302590.0
1107780 72.1656967402 1001.53973043 0.000135634056528 72.0 1002.0 1026120.0
1107780 500.004836202 526.331226468 0.000986932530955 500.0 526.0 539124.0
1107781 512.796705842 512.416139007 0.000990669191684 513.0 512.0 524801.0
1107781 500.630774856 526.91171658 0.000970610839217 501.0 527.0 540149.0
1107782 134.892078996 382.287153602 2.37949498178e-05 135.0 382.0 391303.0
1107782 512.923011899 512.68300283 0.00102411326304 513.0 513.0 525825.0
1107782 682.613566279 430.618264794 1.9383376527e-05 683.0 431.0 442027.0
1107782 500.038093925 526.92321527 0.000983569454308 500.0 527.0 540148.0
1107783 512.695767522 512.059310317 0.000949779274394 513.0 512.0 524801.0
1107783 998.713851571 631.544607759 1.54663631763e-05 999.0 632.0 648167.0
1107783 500.097638249 526.692837596 0.00102203489138 500.0 527.0 540148.0
1107784 512.970942616 512.236098647 0.000982942893063 513.0 512.0 524801.0
1107784 500.110735536 526.668083549 0.000952653300882 500.0 527.0 540148.0
