k x y F u v cell
686280 731.981293797 232.525503993 7.33481760995e-05 732.0 233.0 239324.0
686280 512.849282861 512.355947137 0.00196107855322 513.0 512.0 524801.0
686280 402.819967151 295.612685323 3.40379724061e-06 403.0 296.0 303507.0
686281 928.523070216 738.135102153 6.84866357218e-06 929.0 738.0 756641.0
686281 512.159052014 512.327580333 0.00202272941425 512.0 512.0 524800.0
686282 437.206549764 869.720354438 8.14061623596e-06 437.0 870.0 891317.0
686282 512.79332006 512.947468162 0.00198604504163 513.0 513.0 525825.0
686283 512.646555305 512.478418708 0.0019602620045 513.0 512.0 524801.0
686284 512.222898602 512.805818439 0.0020138065624 512.0 513.0 525824.0
686284 218.917784572 397.582151532 7.43247909248e-06 219.0 398.0 407771.0
686285 712.689442992 573.619728208 1.03859275409e-05 713.0 574.0 588489.0
686285 96.1737092733 31.7662690878 1.69111749427e-05 96.0 32.0 32864.0
686285 512.470354199 512.727650046 0.0020037894931 512.0 513.0 525824.0
686286 512.059506059 512.225056291 0.00199452086274 512.0 512.0 524800.0
686286 27.6442018747 669.679518104 1.60960755964e-05 28.0 670.0 686108.0
686287 426.238389611 647.458624482 9.4421214853e-06 426.0 647.0 662954.0
686287 691.538286328 339.619734406 3.09831902439e-05 692.0 340.0 348852.0
686287 673.055576682 634.824858546 4.03448920136e-06 673.0 635.0 650913.0
686287 700.137068629 862.342868447 3.56993384826e-05 700.0 862.0 883388.0
686287 512.115950942 512.194102168 0.00199826772433 512.0 512.0 524800.0
686288 512.874367595 512.642934918 0.00202466385726 513.0 513.0 525825.0
686288 592.391415715 53.0811222792 4.70831713134e-06 592.0 53.0 54864.0
686289 26.8531421423 800.111964583 4.35729116368e-05 27.0 800.0 819227.0
686289 526.95551908 899.087195039 7.39794259858e-06 527.0 899.0 921103.0
686289 512.250444531 512.661340117 0.00197442726614 512.0 513.0 525824.0
686290 387.716555476 924.054020762 2.98012885308e-05 388.0 924.0 946564.0
686290 512.786529183 512.686353087 0.00195179806783 513.0 513.0 525825.0
686290 687.160706401 652.464484334 1.67105047789e-06 687.0 652.0 668335.0
686291 512.695762038 512.709230065 0.00203067602074 513.0 513.0 525825.0
686292 502.131825328 58.050886035 5.08289364504e-05 502.0 58.0 59894.0
686292 512.753384948 512.519229531 0.00197672036463 513.0 513.0 525825.0
686293 5.10998642445 743.316450715 2.63756587118e-06 5.0 743.0 760837.0
686293 512.265839219 512.507741809 0.00195104032847 512.0 513.0 525824.0
686293 855.948187709 237.390435338 6.30401228965e-05 856.0 237.0 243544.0
686293 126.723705888 607.240909457 4.8787506316e-06 127.0 607.0 621695.0
686294 512.608698726 512.819647908 0.00197137457848 513.0 513.0 525825.0
686295 512.353610396 512.898841262 0.00200718686373 512.0 513.0 525824.0
686295 1014.44139087 119.672204375 7.78014632912e-06 1014.0 120.0 123894.0
686296 512.766065478 512.52917397 0.00199770483797 513.0 513.0 525825.0
686296 374.539279819 1015.88402069 2.18621799881e-05 375.0 1016.0 1040759.0
686297 512.769652009 512.500197291 0.001935581405 513.0 513.0 525825.0
686298 512.477784514 512.505751491 0.00201399510442 512.0 513.0 525824.0
686298 197.425102592 356.775804639 4.19915707226e-06 197.0 357.0 365765.0
686299 792.049847245 90.5397213697 1.17209121624e-06 792.0 91.0 93976.0
686299 512.231441379 512.151300073 0.00200289101244 512.0 512.0 524800.0
686300 512.828520417 512.892656922 0.00195538140054 513.0 513.0 525825.0
686301 512.408796191 512.704672456 0.00196935128429 512.0 513.0 525824.0
686302 670.678471684 490.22922194 3.16167997064e-06 671.0 490.0 502431.0
686302 152.770653129 351.709260821 1.53700064052e-05 153.0 352.0 360601.0
686302 158.341656566 348.156499982 5.59184503273e-05 158.0 348.0 356510.0
686302 161.471682191 492.802451253 1.35147485757e-06 161.0 493.0 504993.0
686302 512.257152677 512.262773156 0.00201299817211 512.0 512.0 524800.0
686303 767.987344146 376.027818561 1.59005423021e-05 768.0 376.0 385792.0
686303 512.256942391 512.926599145 0.00199260490696 512.0 513.0 525824.0
686304 512.366600633 512.021368146 0.00197817079572 512.0 512.0 524800.0
686304 285.848037362 20.4947601557 3.30578118302e-05 286.0 20.0 20766.0
686305 828.826798797 1019.84743679 2.39452957051e-05 829.0 1020.0 1045309.0
686305 819.24209702 357.787362456 7.92963483756e-06 819.0 358.0 367411.0
686305 394.711871743 69.6972922087 5.11155285387e-06 395.0 70.0 72075.0
686305 512.656093955 512.667198062 0.00205861607415 513.0 513.0 525825.0
686306 512.265497327 512.257864118 0.0020223964766 512.0 512.0 524800.0
686307 512.465282798 512.503458381 0.00201879853796 512.0 513.0 525824.0
686308 132.715436816 671.972609162 2.63384466603e-05 133.0 672.0 688261.0
686308 512.864771962 512.937175393 0.00202730890078 513.0 513.0 525825.0
686309 512.884864211 512.899424195 0.00199070181137 513.0 513.0 525825.0
686310 386.864530444 163.070285201 3.80986003416e-05 387.0 163.0 167299.0
686310 512.875251889 512.44250977 0.00197795889767 513.0 512.0 524801.0
686311 512.889283538 512.13698113 0.00200100710619 513.0 512.0 524801.0
686312 786.784368396 902.105054975 2.90313321128e-05 787.0 902.0 924435.0
686312 512.670050979 512.247213244 0.00201388193655 513.0 512.0 524801.0
686313 512.736770272 512.832889438 0.00200904678068 513.0 513.0 525825.0
686314 512.481585383 512.829486012 0.001964282991 512.0 513.0 525824.0
686314 632.418240428 899.928358197 6.69456068255e-06 632.0 900.0 922232.0
686315 512.22361958 512.86947453 0.00206947704665 512.0 513.0 525824.0
686316 758.050519347 685.023067594 1.08843610011e-05 758.0 685.0 702198.0
686316 512.368789315 512.757540822 0.00203724641317 512.0 513.0 525824.0
686316 315.060985684 707.261288285 7.75598311433e-06 315.0 707.0 724283.0
686317 74.3325971365 513.251983285 9.24475650456e-06 74.0 513.0 525386.0
686317 512.730756164 512.182946801 0.00198919543235 513.0 512.0 524801.0
686317 458.147573352 108.549544692 3.29828878324e-06 458.0 109.0 112074.0
686318 719.708106637 332.06525147 2.70813131779e-05 720.0 332.0 340688.0
686318 512.950594783 512.437560916 0.00197231659257 513.0 512.0 524801.0
686318 958.550864577 639.709390998 3.49547629217e-05 959.0 640.0 656319.0
686318 317.426372409 802.312074542 0.000101458759753 317.0 802.0 821565.0
686319 512.041132092 512.603828311 0.00202189063425 512.0 513.0 525824.0
686319 394.426065564 43.048206687 2.37043322051e-05 394.0 43.0 44426.0
686320 512.992410302 512.438594937 0.00199602609951 513.0 512.0 524801.0
686321 900.691853404 999.915466666 1.43352159589e-05 901.0 1000.0 1024901.0
686321 512.55795157 512.496041656 0.00205595674784 513.0 512.0 524801.0
686322 512.246318221 512.990428805 0.00202036289194 512.0 513.0 525824.0
686323 512.192124009 512.166105866 0.00195360245921 512.0 512.0 524800.0
686323 82.4160636663 574.476547122 3.14265346278e-05 82.0 574.0 587858.0
686323 538.156572938 77.3878811598 1.71894644919e-05 538.0 77.0 79386.0
686323 213.675746083 355.199575543 6.73178177369e-06 214.0 355.0 363734.0
686324 512.248631835 512.07506001 0.00196575671164 512.0 512.0 524800.0
686324 1008.68034708 286.660170913 1.98570934479e-05 1009.0 287.0 294897.0
686325 512.388371587 512.978474975 0.00190853374993 512.0 513.0 525824.0
686326 512.202959657 512.071688294 0.00201781285659 512.0 512.0 524800.0
686327 512.190777421 512.604543328 0.00195584633992 512.0 513.0 525824.0
686328 512.006800294 512.268665671 0.00196945229683 512.0 512.0 524800.0
686329 555.532917619 667.426661611 3.16124474928e-05 556.0 667.0 683564.0
686329 796.400180459 916.729143262 7.2617357687e-06 796.0 917.0 939804.0
686329 512.805475354 512.773499608 0.00199475709645 513.0 513.0 525825.0
686330 512.837758899 512.846399426 0.00203209524003 513.0 513.0 525825.0
686331 493.562764764 333.677422166 8.89829355132e-06 494.0 334.0 342510.0
686331 512.282680154 512.255051494 0.00198991758612 512.0 512.0 524800.0
686332 466.148546576 839.451717019 3.93018487101e-05 466.0 839.0 859602.0
686332 379.135874391 153.756755471 1.45263633162e-05 379.0 154.0 158075.0
686332 630.442972064 68.1004568338 2.63820014286e-05 630.0 68.0 70262.0
686332 512.523914218 512.281714082 0.00200035800132 513.0 512.0 524801.0
686332 918.884704232 210.887110114 8.9397722292e-06 919.0 211.0 216983.0
686333 512.526543975 512.643111587 0.00204075948412 513.0 513.0 525825.0
686334 74.9659689665 553.109088063 2.02211067105e-05 75.0 553.0 566347.0
686334 512.431257606 512.649655938 0.00200758978264 512.0 513.0 525824.0
686335 512.219923139 512.128768563 0.0019574863792 512.0 512.0 524800.0
686336 512.807899117 512.334205031 0.00205982425501 513.0 512.0 524801.0
686337 949.879404902 702.272898555 9.68293978749e-06 950.0 702.0 719798.0
686337 512.297205806 512.392066121 0.00196225258721 512.0 512.0 524800.0
686337 491.437936187 868.597789884 1.0359998848e-05 491.0 869.0 890347.0
686338 92.069237113 277.909020305 5.94436044722e-06 92.0 278.0 284764.0
686338 708.226096749 899.050135493 2.45774518203e-05 708.0 899.0 921284.0
686338 512.488173842 512.998771548 0.00201399837727 512.0 513.0 525824.0
686338 211.640958905 1006.3838824 6.3372638349e-06 212.0 1006.0 1030356.0
686339 830.204471707 467.83842361 7.00566791947e-06 830.0 468.0 480062.0
686339 512.687165856 512.107200265 0.00198478350238 513.0 512.0 524801.0
686340 620.699240327 976.169429183 1.69458869506e-05 621.0 976.0 1000045.0
686340 512.981642127 512.842011094 0.00200115131136 513.0 513.0 525825.0
686340 94.3288828135 155.880642533 4.43473446032e-05 94.0 156.0 159838.0
686340 946.260659099 77.2192026377 8.73377185348e-06 946.0 77.0 79794.0
686341 512.004275203 512.961542726 0.00199548797711 512.0 513.0 525824.0
686342 512.140401483 512.619795918 0.00206491509947 512.0 513.0 525824.0
686343 966.882434487 336.909299254 1.96126488784e-06 967.0 337.0 346055.0
686343 512.520759702 512.685816407 0.00194340184691 513.0 513.0 525825.0
686343 691.598007798 607.100033164 3.56507239665e-05 692.0 607.0 622260.0
686343 37.1131945848 530.020342946 2.18803616693e-05 37.0 530.0 542757.0
686344 512.123030543 512.246767402 0.0020182851 512.0 512.0 524800.0
686345 512.083813787 512.487470031 0.00193648175845 512.0 512.0 524800.0
686345 945.77069819 207.138430238 4.042139095e-05 946.0 207.0 212914.0
686346 512.419891 512.600422502 0.00198743231567 512.0 513.0 525824.0
686346 521.680501342 514.615980744 0.000103705479627 522.0 515.0 527882.0
686347 708.820301414 546.508508563 4.68876957491e-05 709.0 547.0 560837.0
686347 689.262503505 119.703977704 1.51325139005e-05 689.0 120.0 123569.0
686347 512.67907536 512.842143416 0.00200608491601 513.0 513.0 525825.0
686348 512.868069768 512.939146638 0.00198135164395 513.0 513.0 525825.0
686349 512.243687987 512.79621017 0.00195860994945 512.0 513.0 525824.0
686349 849.125378728 673.357730985 2.3517277292e-06 849.0 673.0 690001.0
686350 512.683431029 512.9992944 0.00195102769318 513.0 513.0 525825.0
686351 795.785125136 272.56725657 1.42540443915e-06 796.0 273.0 280348.0
686351 512.710718274 512.469864488 0.00195188596618 513.0 512.0 524801.0
686352 512.242469192 512.682301164 0.00205056005765 512.0 513.0 525824.0
686352 10.2669175863 841.904107451 2.63731221205e-05 10.0 842.0 862218.0
686353 510.121126056 216.367607474 4.58631788516e-05 510.0 216.0 221694.0
686353 512.500892043 512.526580691 0.00199487947169 513.0 513.0 525825.0
686353 642.010767341 614.666399837 1.41792201429e-05 642.0 615.0 630402.0
686354 512.10345304 512.027945638 0.00202033718312 512.0 512.0 524800.0
686354 608.207234263 416.015015721 1.58796887537e-05 608.0 416.0 426592.0
686355 59.4901384115 352.988887429 4.65604195812e-05 59.0 353.0 361531.0
686355 512.39386189 512.304668307 0.00200298580124 512.0 512.0 524800.0
686355 56.4568465948 843.820526004 1.18857745201e-06 56.0 844.0 864312.0
686356 978.577074885 60.111995101 1.61003868635e-05 979.0 60.0 62419.0
686356 851.509955525 697.622469068 2.00007398765e-05 852.0 698.0 715604.0
686356 512.09034574 512.449363828 0.00203132745937 512.0 512.0 524800.0
686356 1007.80807459 708.97545135 3.18463270643e-07 1008.0 709.0 727024.0
686357 512.260653853 512.999500871 0.00198343137642 512.0 513.0 525824.0
686358 512.354877114 512.600437284 0.00201937888866 512.0 513.0 525824.0
686359 350.16269505 700.654766679 5.20369817479e-06 350.0 701.0 718174.0
686359 547.714334846 719.94297564 1.20052099299e-05 548.0 720.0 737828.0
686359 512.096507192 512.969420314 0.00193618680131 512.0 513.0 525824.0
686360 512.114090323 512.358746409 0.0019930325926 512.0 512.0 524800.0
686360 640.365234971 865.909092546 1.73462276995e-05 640.0 866.0 887424.0
686360 955.063755393 738.639584422 6.13766400206e-05 955.0 739.0 757691.0
686361 1009.54118669 433.60975492 9.95661461947e-07 1010.0 434.0 445426.0
686361 512.084367156 512.725577712 0.00193784853089 512.0 513.0 525824.0
686362 512.30134213 512.129830956 0.00192844498811 512.0 512.0 524800.0
686362 874.479704022 378.160721898 1.03186517421e-05 874.0 378.0 387946.0
686362 476.696398377 491.859594226 7.54032224953e-05 477.0 492.0 504285.0
686362 1011.73491871 1014.06036294 1.68213466427e-05 1012.0 1014.0 1039348.0
686363 512.069220662 512.459326148 0.00197730904016 512.0 512.0 524800.0
686364 760.530851007 352.398021817 7.52848148298e-05 761.0 352.0 361209.0
686364 512.56479919 512.684733987 0.00201285505923 513.0 513.0 525825.0
686365 512.918717504 512.204372764 0.00206195734716 513.0 512.0 524801.0
686365 614.057756782 478.224371552 1.05790816376e-05 614.0 478.0 490086.0
686366 512.691984773 512.150158048 0.00204127998566 513.0 512.0 524801.0
686366 146.127960801 348.578875899 7.25763813993e-05 146.0 349.0 357522.0
686367 940.506976485 847.601315141 2.80387482276e-05 941.0 848.0 869293.0
686367 512.804967761 512.235486865 0.00204993872707 513.0 512.0 524801.0
686368 45.4742366076 528.211254478 1.80304306738e-05 45.0 528.0 540717.0
686368 516.847045541 414.087054372 1.47562667573e-05 517.0 414.0 424453.0
686368 512.785141349 512.59235847 0.00195603885843 513.0 513.0 525825.0
686369 512.966080308 512.629970908 0.00202120427632 513.0 513.0 525825.0
686369 544.129698873 653.958384871 6.2331656286e-05 544.0 654.0 670240.0
686369 421.164810538 860.100052476 1.17909703308e-05 421.0 860.0 881061.0
686369 94.9724780321 682.986457705 3.94850580255e-05 95.0 683.0 699487.0
686370 42.9836183786 669.618742347 2.87821753378e-06 43.0 670.0 686123.0
686370 512.701381087 512.430691838 0.00205760352681 513.0 512.0 524801.0
686370 258.827788711 181.938117862 1.11513749854e-05 259.0 182.0 186627.0
686371 512.539227128 512.80787456 0.00198741538166 513.0 513.0 525825.0
686372 512.503346086 512.979322076 0.0020137223677 513.0 513.0 525825.0
686372 881.000689387 464.524393916 1.09196450529e-05 881.0 465.0 477041.0
686373 659.53952992 192.842063069 1.16596826073e-06 660.0 193.0 198292.0
686373 512.716418862 512.582822204 0.00197984987529 513.0 513.0 525825.0
686374 512.711485982 512.091240525 0.00198138959772 513.0 512.0 524801.0
686374 658.791796088 319.944127917 1.3240035459e-05 659.0 320.0 328339.0
686375 512.303454041 512.510255933 0.00201843949667 512.0 513.0 525824.0
686375 49.0615750551 437.160762668 1.05464560085e-05 49.0 437.0 447537.0
686376 512.385761142 512.746927381 0.00197854994488 512.0 513.0 525824.0
686377 512.829486966 512.393560529 0.00198832233997 513.0 512.0 524801.0
686378 512.297741294 512.899576068 0.00201871990061 512.0 513.0 525824.0
686378 494.618683696 38.3357578516 1.60303775278e-05 495.0 38.0 39407.0
686379 332.605076909 322.940938592 2.62461724713e-06 333.0 323.0 331085.0
686379 512.091689229 512.248574138 0.00198356562939 512.0 512.0 524800.0
686380 512.901550889 512.339646935 0.00201832315842 513.0 512.0 524801.0
686380 82.220954299 821.366675019 9.31352597995e-06 82.0 821.0 840786.0
686380 721.140759587 5.86912596226 7.03102844244e-05 721.0 6.0 6865.0
686381 512.636829495 512.655481935 0.00209918934264 513.0 513.0 525825.0
686381 616.987751365 583.116630673 2.92166702638e-06 617.0 583.0 597609.0
686382 461.577039838 120.036857963 2.8427657962e-05 462.0 120.0 123342.0
686382 512.15815556 512.749849916 0.00196391445493 512.0 513.0 525824.0
686383 512.72545445 512.081041932 0.00200930365475 513.0 512.0 524801.0
686384 512.652564883 512.359768987 0.00196949391022 513.0 512.0 524801.0
686384 437.029108882 879.34976685 6.90013056128e-06 437.0 879.0 900533.0
686384 971.457085013 889.453557611 7.08588920782e-07 971.0 889.0 911307.0
686385 512.375844598 512.035410285 0.0019871855679 512.0 512.0 524800.0
686385 127.573503613 554.316050887 2.217631085e-05 128.0 554.0 567424.0
686385 608.822687268 392.447892785 1.89416877801e-06 609.0 392.0 402017.0
686386 574.86041081 615.63276422 1.07293737036e-05 575.0 616.0 631359.0
686386 512.752115607 512.105137706 0.00200762222528 513.0 512.0 524801.0
686386 637.503523707 556.023792148 6.92551733599e-05 638.0 556.0 569982.0
686386 241.054812312 214.904751182 9.79157444752e-06 241.0 215.0 220401.0
686387 897.296948314 852.670492053 9.88923934505e-06 897.0 853.0 874369.0
686387 523.752249122 56.2330473661 7.09620417733e-05 524.0 56.0 57868.0
686387 512.857155681 512.976888299 0.00195441118141 513.0 513.0 525825.0
686388 158.223887086 555.925462127 2.12403249821e-05 158.0 556.0 569502.0
686388 512.376556277 512.554634213 0.0020192119113 512.0 513.0 525824.0
686389 512.687044501 512.101933122 0.00199996688144 513.0 512.0 524801.0
686389 428.131000638 574.378426671 1.95524875995e-05 428.0 574.0 588204.0
686389 164.013080478 309.05260551 2.10283568249e-06 164.0 309.0 316580.0
686390 512.830880761 512.785108447 0.00201938853768 513.0 513.0 525825.0
686390 771.407239556 62.4257084131 3.36569711491e-05 771.0 62.0 64259.0
686391 512.333208919 512.147130609 0.00194609855301 512.0 512.0 524800.0
686392 512.362368464 512.838771939 0.00197944974051 512.0 513.0 525824.0
686393 989.084300637 270.445868373 1.02730581092e-05 989.0 270.0 277469.0
686393 454.797399879 17.2660917044 9.94709122626e-05 455.0 17.0 17863.0
686393 512.211635232 512.332561612 0.00197975166815 512.0 512.0 524800.0
686394 71.1014019251 554.193481803 2.24635577681e-05 71.0 554.0 567367.0
686394 134.870238185 791.971871018 9.22529972893e-05 135.0 792.0 811143.0
686394 512.820073485 512.40255487 0.00195492409712 513.0 512.0 524801.0
686395 512.676535249 512.698758483 0.00205296015166 513.0 513.0 525825.0
686396 57.1567083597 592.696110606 1.73501154378e-06 57.0 593.0 607289.0
686396 512.597954631 512.951286435 0.00200211782275 513.0 513.0 525825.0
686396 627.719073415 206.202186465 6.93694737493e-06 628.0 206.0 211572.0
686397 512.346020818 512.057704568 0.00200985824537 512.0 512.0 524800.0
686398 512.784513831 512.341773629 0.00202278541826 513.0 512.0 524801.0
686399 512.822015882 512.675160527 0.00194931501994 513.0 513.0 525825.0
686399 516.856838584 509.460756898 9.68346965748e-05 517.0 509.0 521733.0
686400 968.141259313 845.898772597 1.13968239727e-05 968.0 846.0 867272.0
686400 55.2295809984 291.512146115 3.017340517e-06 55.0 292.0 299063.0
686400 512.093806386 512.421939969 0.00199626030514 512.0 512.0 524800.0
686400 99.2034822702 589.139039159 2.25862152197e-07 99.0 589.0 603235.0
686401 239.685855269 324.67520225 1.62969388159e-05 240.0 325.0 333040.0
686401 512.555479407 512.947437167 0.00198116623702 513.0 513.0 525825.0
686402 512.401655793 512.037042022 0.00204199348754 512.0 512.0 524800.0
686403 512.077543378 512.705617785 0.00194939741049 512.0 513.0 525824.0
686404 706.521133304 903.243371367 1.86436472497e-05 707.0 903.0 925379.0
686404 552.617958665 681.011099696 1.69333232501e-05 553.0 681.0 697897.0
686404 512.112046599 512.989102721 0.00197560360248 512.0 513.0 525824.0
686404 684.318950057 753.85251534 1.33766867633e-05 684.0 754.0 772780.0
686405 512.75601542 512.602470279 0.00198668073972 513.0 513.0 525825.0
686406 512.113288045 512.159471631 0.00200552102259 512.0 512.0 524800.0
686407 512.4618541 512.618003011 0.00202660096531 512.0 513.0 525824.0
686408 890.465483546 483.65239203 1.03803336961e-05 890.0 484.0 496506.0
686408 512.568095326 512.087899327 0.00197028676325 513.0 512.0 524801.0
686409 512.569730878 512.040274501 0.00200744215023 513.0 512.0 524801.0
686410 512.215548635 509.796165824 9.69542166579e-05 512.0 510.0 522752.0
686410 512.247770667 512.885944247 0.00193492423912 512.0 513.0 525824.0
686411 718.089383483 944.981741548 7.07449442412e-07 718.0 945.0 968398.0
686411 512.709138036 512.672265887 0.00195520107466 513.0 513.0 525825.0
686412 512.021053195 512.762740016 0.00196947090552 512.0 513.0 525824.0
686412 624.772673249 707.601166844 3.10525916329e-06 625.0 708.0 725617.0
686413 512.998384118 512.100959659 0.00198679654672 513.0 512.0 524801.0
686414 512.864326596 512.097104907 0.00212732707687 513.0 512.0 524801.0
686414 442.555461764 170.162346959 5.8783883101e-06 443.0 170.0 174523.0
686415 512.721196771 512.49581635 0.00207300107581 513.0 512.0 524801.0
686415 240.740588069 61.5550464392 1.45668115219e-05 241.0 62.0 63729.0
686416 916.074500203 616.910493016 1.85261125444e-09 916.0 617.0 632724.0
686416 512.241608262 512.260353208 0.00196917689185 512.0 512.0 524800.0
686416 404.440636039 159.008209825 9.50732503433e-06 404.0 159.0 163220.0
686417 251.439087272 127.572672248 6.00765620847e-05 251.0 128.0 131323.0
686417 672.045301795 874.661126494 2.3788659486e-05 672.0 875.0 896672.0
686417 512.4030689 512.733222127 0.00200420134244 512.0 513.0 525824.0
686417 902.872557044 329.224584937 9.60627146837e-06 903.0 329.0 337799.0
686418 512.794917703 512.24817884 0.00198555431531 513.0 512.0 524801.0
686419 512.626250625 512.16629374 0.00201081469756 513.0 512.0 524801.0
686419 647.968711019 800.006898046 5.70079332219e-06 648.0 800.0 819848.0
686420 2.53032624722 52.0857783556 1.81961793617e-06 3.0 52.0 53251.0
686420 512.513494372 512.201390624 0.00212116888245 513.0 512.0 524801.0
686421 512.630264163 512.7076267 0.00203378762862 513.0 513.0 525825.0
686421 868.728397727 112.582222104 2.79065688159e-05 869.0 113.0 116581.0
686421 674.809538245 768.948564887 4.25062693913e-06 675.0 769.0 788131.0
686422 784.316952109 563.185250878 1.45962295935e-06 784.0 563.0 577296.0
686422 378.305132747 162.018113732 2.60143713008e-05 378.0 162.0 166266.0
