k x y F u v cell
1047480 513.537327409 511.003867269 0.00193668249471 514.0 511.0 523778.0
1047480 42.4874135256 711.87652719 4.1404139783e-05 42.0 712.0 729130.0
1047481 513.760626435 511.923286557 0.0018803284886 514.0 512.0 524802.0
1047482 513.197209239 511.255251765 0.00203583066911 513.0 511.0 523777.0
1047482 933.698877454 125.541754842 9.31102169848e-05 934.0 126.0 129958.0
1047483 513.501347423 511.844138265 0.00191555343476 514.0 512.0 524802.0
1047483 894.390114903 320.521065593 2.18092486497e-06 894.0 321.0 329598.0
1047484 513.171254992 511.167150855 0.00194578972905 513.0 511.0 523777.0
1047485 513.892404199 511.061652303 0.00195614371495 514.0 511.0 523778.0
1047486 10.5852366686 512.289274573 4.6448691403e-05 11.0 512.0 524299.0
1047486 513.010827422 511.945043921 0.00194807113451 513.0 512.0 524801.0
1047487 513.161435723 511.772704482 0.00192569175357 513.0 512.0 524801.0
1047488 513.9478966 511.96227324 0.00188800369382 514.0 512.0 524802.0
1047489 513.9759835 511.194910884 0.00197105483722 514.0 511.0 523778.0
1047489 671.439695001 421.133564353 1.19699879972e-05 671.0 421.0 431775.0
1047490 863.197731376 921.570735097 5.25601100849e-06 863.0 922.0 944991.0
1047490 363.305115581 991.575431705 4.17389577616e-05 363.0 992.0 1016171.0
1047490 513.599321485 511.859936118 0.00198244477077 514.0 512.0 524802.0
1047490 154.446904302 576.315668941 4.44547681227e-05 154.0 576.0 589978.0
1047491 806.263748765 65.517293334 3.06544956992e-06 806.0 66.0 68390.0
1047491 1014.14572489 622.702225804 1.53909737029e-06 1014.0 623.0 638966.0
1047491 513.280453563 511.006300092 0.00195096595235 513.0 511.0 523777.0
1047492 513.183897853 511.845978379 0.00192164046161 513.0 512.0 524801.0
1047493 1014.79237664 921.178433299 2.78642514105e-06 1015.0 921.0 944119.0
1047493 513.010185599 511.497920156 0.00203823087938 513.0 511.0 523777.0
1047494 842.647069573 550.257740617 2.59056367186e-05 843.0 550.0 564043.0
1047494 513.133413672 511.46213448 0.00195114557115 513.0 511.0 523777.0
1047495 13.9855438471 1011.07666624 7.80658774375e-06 14.0 1011.0 1035278.0
1047495 513.793803811 511.928285003 0.00189177963395 514.0 512.0 524802.0
1047496 139.206050515 19.6937683821 3.45241976265e-05 139.0 20.0 20619.0
1047496 513.848149896 511.104964137 0.00194813694627 514.0 511.0 523778.0
1047497 513.3298949 511.548483491 0.0019807893778 513.0 512.0 524801.0
1047498 803.417869449 349.068258643 7.77450002781e-08 803.0 349.0 358179.0
1047498 637.70657289 155.066623092 2.68625372234e-06 638.0 155.0 159358.0
1047498 513.187373519 511.726576924 0.00195568232819 513.0 512.0 524801.0
1047499 671.998789191 820.461129785 1.70033993531e-05 672.0 820.0 840352.0
1047499 513.727601171 511.86237824 0.00198478885927 514.0 512.0 524802.0
1047500 513.93627584 511.8656708 0.00195150787781 514.0 512.0 524802.0
1047500 529.670309186 141.527914405 6.60835357616e-06 530.0 142.0 145938.0
1047501 513.719011426 511.984904647 0.00194461620075 514.0 512.0 524802.0
1047501 229.492257714 1000.18398583 2.34606295539e-05 229.0 1000.0 1024229.0
1047502 513.180936933 511.818441987 0.00199591706741 513.0 512.0 524801.0
1047503 513.795467019 511.528982282 0.00189181457876 514.0 512.0 524802.0
1047504 665.970458865 1008.12068522 1.95456223986e-05 666.0 1008.0 1032858.0
1047504 513.669409871 511.78771174 0.00197481135256 514.0 512.0 524802.0
1047505 513.195736766 511.651486754 0.00199884058266 513.0 512.0 524801.0
1047506 513.621406674 511.016360879 0.00199488979651 514.0 511.0 523778.0
1047506 253.613182664 942.125379443 5.76607409164e-05 254.0 942.0 964862.0
1047507 513.420853257 511.987717748 0.00191530250171 513.0 512.0 524801.0
1047507 809.554103017 649.948683143 3.04348475095e-05 810.0 650.0 666410.0
1047507 6.68783247471 733.683352828 5.71468995976e-05 7.0 734.0 751623.0
1047507 307.644396424 761.660789371 7.60057401178e-06 308.0 762.0 780596.0
1047507 689.705693603 127.247138143 3.31568338925e-06 690.0 127.0 130738.0
1047508 513.508226037 511.515820622 0.00195947305197 514.0 512.0 524802.0
1047508 553.189987063 550.626770854 1.42365976276e-06 553.0 551.0 564777.0
1047509 513.603002429 511.527794242 0.00190478612204 514.0 512.0 524802.0
1047510 513.359913945 511.853689313 0.00197469615423 513.0 512.0 524801.0
1047510 520.70715487 505.279492974 4.97377831377e-05 521.0 505.0 517641.0
1047511 513.643821836 511.59342134 0.00200348837241 514.0 512.0 524802.0
1047511 672.234337926 56.2342182398 1.11410072075e-05 672.0 56.0 58016.0
1047511 567.600198627 168.525338769 8.36209766377e-06 568.0 169.0 173624.0
1047512 513.945161223 511.685923219 0.00182669480443 514.0 512.0 524802.0
1047512 239.517782331 744.901408553 4.8121886221e-05 240.0 745.0 763120.0
1047513 513.906335473 511.568667531 0.00196629446712 514.0 512.0 524802.0
1047513 1000.45457232 767.480208516 8.19114799165e-06 1000.0 767.0 786408.0
1047514 800.923925757 689.971579432 7.77128956265e-06 801.0 690.0 707361.0
1047514 513.113417506 511.648524165 0.00194381069847 513.0 512.0 524801.0
1047515 170.583318591 211.406039119 1.70298365718e-06 171.0 211.0 216235.0
1047515 513.130767941 511.817572713 0.00188349681525 513.0 512.0 524801.0
1047516 513.4103719 511.599500537 0.00188649302576 513.0 512.0 524801.0
1047516 945.086205125 841.522541404 5.58341475025e-06 945.0 842.0 863153.0
1047516 12.4721139669 992.419996619 1.09390320553e-05 12.0 992.0 1015820.0
1047517 513.721903682 511.522234082 0.00197310357904 514.0 512.0 524802.0
1047517 210.761284232 241.179932714 4.00767828182e-06 211.0 241.0 246995.0
1047517 342.058699489 508.611853957 2.17924579574e-05 342.0 509.0 521558.0
1047518 513.804613948 511.06657517 0.00201332161824 514.0 511.0 523778.0
1047519 513.969894528 511.170764804 0.00190813070038 514.0 511.0 523778.0
1047520 859.087875247 1004.42216861 2.32023240327e-05 859.0 1004.0 1028955.0
1047520 513.109423757 511.582601905 0.00194394307776 513.0 512.0 524801.0
1047521 513.669990897 511.55874598 0.0018808848787 514.0 512.0 524802.0
1047521 642.383428454 438.63000524 2.44668691829e-05 642.0 439.0 450178.0
1047521 514.780475736 507.488819957 5.30151576942e-05 515.0 507.0 519683.0
1047522 513.528238654 511.72639215 0.00200909583162 514.0 512.0 524802.0
1047522 1007.34686625 156.786943078 4.92945273538e-05 1007.0 157.0 161775.0
1047522 435.456515193 373.405071378 3.40317699562e-05 435.0 373.0 382387.0
1047523 870.419633031 81.3205217123 2.71446642801e-05 870.0 81.0 83814.0
1047523 513.481338382 511.737498403 0.00192231567277 513.0 512.0 524801.0
1047524 513.795618176 511.058049798 0.00202754017091 514.0 511.0 523778.0
1047524 14.3367227316 144.039463162 3.7710404918e-06 14.0 144.0 147470.0
1047525 890.090583205 921.7793957 1.66636646996e-05 890.0 922.0 945018.0
1047525 513.770822883 511.677365184 0.00194243974074 514.0 512.0 524802.0
1047526 674.142258763 772.346659064 9.66629225067e-07 674.0 772.0 791202.0
1047526 513.011138082 511.654212594 0.00194516241579 513.0 512.0 524801.0
1047527 498.533654094 337.232918382 1.34294048815e-05 499.0 337.0 345587.0
1047527 513.676429152 511.952551246 0.00193582736617 514.0 512.0 524802.0
1047528 850.037864804 991.140252471 2.46694037629e-06 850.0 991.0 1015634.0
1047528 932.161198258 948.754566789 2.20064071873e-06 932.0 949.0 972708.0
1047528 513.648265243 511.337426543 0.0019452393977 514.0 511.0 523778.0
1047528 422.496919751 205.176728606 1.91836076018e-05 422.0 205.0 210342.0
1047529 475.274154782 676.99491322 1.48180746823e-05 475.0 677.0 693723.0
1047529 513.538053393 511.385003924 0.00188549827505 514.0 511.0 523778.0
1047530 513.688246608 511.480549216 0.00199376211082 514.0 511.0 523778.0
1047530 128.942652583 48.245097518 2.17990721085e-05 129.0 48.0 49281.0
1047530 898.883685708 212.346481204 1.64566149655e-05 899.0 212.0 217987.0
1047531 418.405343652 657.060161948 1.3506375625e-05 418.0 657.0 673186.0
1047531 513.832677722 511.752248168 0.00192370213537 514.0 512.0 524802.0
1047532 533.457630754 279.268970847 3.65102241623e-06 533.0 279.0 286229.0
1047532 513.400061965 511.183193803 0.00187255663285 513.0 511.0 523777.0
1047533 513.955172658 511.795376658 0.00193319821196 514.0 512.0 524802.0
1047533 343.584041715 807.355291247 3.97601159165e-05 344.0 807.0 826712.0
1047533 352.020431638 913.043122888 3.42901029687e-06 352.0 913.0 935264.0
1047534 513.915279984 511.000240684 0.00193133546915 514.0 511.0 523778.0
1047534 766.62459147 235.090212226 1.29092891913e-05 767.0 235.0 241407.0
1047534 776.937884927 478.735687852 1.91786146129e-05 777.0 479.0 491273.0
1047534 248.821915507 676.602779269 6.04726609316e-06 249.0 677.0 693497.0
1047535 513.396627784 511.729600072 0.00198432706841 513.0 512.0 524801.0
1047535 859.163150191 30.1215103865 3.41439521367e-06 859.0 30.0 31579.0
1047536 513.296717048 511.590933442 0.0019462401006 513.0 512.0 524801.0
1047536 399.905517697 877.06041038 4.47329082526e-06 400.0 877.0 898448.0
1047536 905.498931289 863.572238564 3.94780894937e-05 905.0 864.0 885641.0
1047537 318.66798985 877.545897126 5.48918944692e-05 319.0 878.0 899391.0
1047537 513.697071433 511.431126475 0.00192897737236 514.0 511.0 523778.0
1047537 772.374395967 352.793851256 3.30390387056e-07 772.0 353.0 362244.0
1047538 514.913630605 517.786843181 4.10175806405e-05 515.0 518.0 530947.0
1047538 513.806425214 511.375052333 0.0019129074537 514.0 511.0 523778.0
1047539 513.458873391 511.358172536 0.00193598547676 513.0 511.0 523777.0
1047539 539.111265302 726.874349236 2.50362504938e-06 539.0 727.0 744987.0
1047540 513.250016332 511.954684377 0.00189980470925 513.0 512.0 524801.0
1047540 515.737966418 508.252183795 5.38893062305e-05 516.0 508.0 520708.0
1047541 513.254276633 511.746643901 0.00190603410599 513.0 512.0 524801.0
1047541 128.62948072 137.380534053 2.84660171613e-05 129.0 137.0 140417.0
1047542 513.518206477 511.340698123 0.0020041888446 514.0 511.0 523778.0
1047542 841.023482203 199.632156253 4.1823104528e-05 841.0 200.0 205641.0
1047542 245.522057176 1022.52023113 1.72105952693e-05 246.0 1023.0 1047798.0
1047543 513.124220252 511.272924781 0.00193388327697 513.0 511.0 523777.0
1047543 711.775223136 916.82134068 1.78665433766e-05 712.0 917.0 939720.0
1047543 895.350977302 193.325353742 3.45309771472e-06 895.0 193.0 198527.0
1047544 513.06019938 511.707414985 0.00191364805369 513.0 512.0 524801.0
1047544 695.205973029 958.888992429 4.97539569204e-05 695.0 959.0 982711.0
1047545 513.206769347 511.483223557 0.0019686412287 513.0 511.0 523777.0
1047545 198.943601489 484.690393806 2.9468194831e-05 199.0 485.0 496839.0
1047545 641.195865989 486.898645282 9.39442944128e-06 641.0 487.0 499329.0
1047546 513.342427135 511.000839114 0.00193969911294 513.0 511.0 523777.0
1047547 728.134920001 886.423602223 3.75392179603e-06 728.0 886.0 907992.0
1047547 513.680937171 511.907658219 0.00199254266622 514.0 512.0 524802.0
1047548 513.414354205 511.834178805 0.00187729503411 513.0 512.0 524801.0
1047548 515.686199546 507.071209311 4.35208432967e-05 516.0 507.0 519684.0
1047549 32.6694668531 130.065903068 1.5980156256e-06 33.0 130.0 133153.0
1047549 116.301963449 677.756463647 5.24052285998e-06 116.0 678.0 694388.0
1047549 513.910378575 511.776246905 0.00206364522067 514.0 512.0 524802.0
1047550 513.505269647 511.192589879 0.00192658047988 514.0 511.0 523778.0
1047551 513.257710099 511.684945226 0.00192885767124 513.0 512.0 524801.0
1047552 509.583135247 515.738483787 6.00040076386e-05 510.0 516.0 528894.0
1047552 513.728681684 511.483146548 0.00188751969559 514.0 511.0 523778.0
1047552 863.983081698 824.357255816 2.999290937e-06 864.0 824.0 844640.0
1047552 1005.52736604 221.277095199 8.8120228869e-06 1006.0 221.0 227310.0
1047553 513.086309791 511.885524631 0.00194885592471 513.0 512.0 524801.0
1047554 513.489358783 511.261510253 0.00192400947005 513.0 511.0 523777.0
1047554 119.200001597 411.347158074 5.02120495961e-06 119.0 411.0 420983.0
1047555 513.299584985 511.807503343 0.00191927242663 513.0 512.0 524801.0
1047555 938.826141238 940.107584596 2.15614394366e-05 939.0 940.0 963499.0
1047556 513.204424977 511.830325007 0.00195522275312 513.0 512.0 524801.0
1047557 513.1555866 511.241679311 0.00195836940979 513.0 511.0 523777.0
1047558 706.431254029 208.636872411 2.13006751804e-05 706.0 209.0 214722.0
1047558 513.23163569 511.735570073 0.00200340654279 513.0 512.0 524801.0
1047558 272.156460166 973.002879977 4.19039044409e-05 272.0 973.0 996624.0
1047559 513.019900441 511.467380881 0.00192453466203 513.0 511.0 523777.0
1047560 589.174630523 781.419575572 5.17530548308e-06 589.0 781.0 800333.0
1047560 513.222365499 511.021858573 0.00193706707539 513.0 511.0 523777.0
1047561 429.947598577 160.731450438 6.41322311297e-06 430.0 161.0 165294.0
1047561 513.886521935 511.004687905 0.00202835785901 514.0 511.0 523778.0
1047561 413.148936391 926.884025693 5.61883840573e-06 413.0 927.0 949661.0
1047562 513.526344657 511.396195769 0.00197470802106 514.0 511.0 523778.0
1047563 513.167275071 511.107220292 0.00204155362767 513.0 511.0 523777.0
1047563 515.579489589 928.36625874 1.19848226123e-05 516.0 928.0 950788.0
1047564 555.033857942 871.630050778 9.52876684085e-06 555.0 872.0 893483.0
1047564 513.103401303 511.076105952 0.00190165417224 513.0 511.0 523777.0
1047565 513.215073228 511.146347165 0.00193530061847 513.0 511.0 523777.0
1047565 483.637049794 300.985988736 3.00331067724e-06 484.0 301.0 308708.0
1047566 354.218374133 929.865316033 1.29252153567e-07 354.0 930.0 952674.0
1047566 461.45942533 197.085639596 1.847923871e-05 461.0 197.0 202189.0
1047566 25.7247692347 154.638788104 3.63517061224e-05 26.0 155.0 158746.0
1047566 513.738163114 511.038660884 0.00198546643414 514.0 511.0 523778.0
1047566 980.780079007 22.8821231127 1.27479513777e-05 981.0 23.0 24533.0
1047567 513.358162522 511.116148829 0.00195067300451 513.0 511.0 523777.0
1047568 795.788470626 626.364453435 9.26138451789e-06 796.0 626.0 641820.0
1047568 513.065256715 511.883284688 0.00197058064511 513.0 512.0 524801.0
1047569 191.939034581 588.337906003 2.63716305215e-06 192.0 588.0 602304.0
1047569 65.3090103865 2.40499842167 1.04669248112e-05 65.0 2.0 2113.0
1047569 513.732708335 511.799525619 0.00195851453919 514.0 512.0 524802.0
1047570 513.780341268 511.410931468 0.00194207434846 514.0 511.0 523778.0
1047570 900.272938848 1022.59664357 6.57754571936e-06 900.0 1023.0 1048452.0
1047571 843.765615821 146.243970037 7.37318658585e-06 844.0 146.0 150348.0
1047571 585.484661937 548.841493726 3.35799008975e-05 585.0 549.0 562761.0
1047571 513.306318402 511.9562639 0.00198243535729 513.0 512.0 524801.0
1047571 263.890117526 652.606449962 8.95896200911e-06 264.0 653.0 668936.0
1047572 513.766114116 511.477351308 0.0020171401692 514.0 511.0 523778.0
1047573 603.034656882 368.642421603 1.22465066174e-05 603.0 369.0 378459.0
1047573 513.664334416 511.78937614 0.00197683912417 514.0 512.0 524802.0
1047574 513.065501809 511.893924594 0.00191789809897 513.0 512.0 524801.0
1047574 515.328098178 506.53546536 5.36129877128e-05 515.0 507.0 519683.0
1047574 686.34515965 341.725681901 6.01997189337e-06 686.0 342.0 350894.0
1047574 120.657683492 563.773386359 3.12367385321e-05 121.0 564.0 577657.0
1047575 513.735297799 511.903137565 0.00190491120496 514.0 512.0 524802.0
1047575 331.919706702 739.31710422 8.40882719819e-06 332.0 739.0 757068.0
1047576 516.725534081 512.540664077 5.89580679137e-05 517.0 513.0 525829.0
1047576 991.421617389 424.261731744 1.74684855206e-05 991.0 424.0 435167.0
1047576 513.343461871 511.458814025 0.00191246759675 513.0 511.0 523777.0
1047577 584.595118642 33.2929722071 3.0314089547e-06 585.0 33.0 34377.0
1047577 513.365943551 511.000147462 0.00189554164309 513.0 511.0 523777.0
1047578 513.383107066 511.684366345 0.00196154050646 513.0 512.0 524801.0
1047579 513.420461774 511.48605597 0.00189736179577 513.0 511.0 523777.0
1047579 615.049085021 987.255068421 2.65470788901e-05 615.0 987.0 1011303.0
1047580 513.801751256 511.924838185 0.00194593917935 514.0 512.0 524802.0
1047580 850.494600654 616.632017255 1.94538978901e-05 850.0 617.0 632658.0
1047581 513.035323262 511.488348603 0.00188709455891 513.0 511.0 523777.0
1047582 513.51982367 511.856818795 0.00189302087654 514.0 512.0 524802.0
1047583 45.9414867163 857.85415256 3.59460204576e-05 46.0 858.0 878638.0
1047583 513.767722487 511.484669328 0.00190680059171 514.0 511.0 523778.0
1047584 560.429816365 663.538267732 1.32073154249e-05 560.0 664.0 680496.0
1047584 513.605596662 511.30037272 0.00197464996456 514.0 511.0 523778.0
1047585 513.479432464 511.679989696 0.00196711781949 513.0 512.0 524801.0
1047585 621.394232631 702.154268622 1.52494999899e-05 621.0 702.0 719469.0
1047585 521.657477975 505.502433896 5.43863873846e-05 522.0 506.0 518666.0
1047586 513.096378207 511.192712903 0.00191489410313 513.0 511.0 523777.0
1047586 982.167355657 981.596286893 2.22456463744e-05 982.0 982.0 1006550.0
1047586 66.3124366999 1010.72329104 1.02338784838e-05 66.0 1011.0 1035330.0
1047587 513.265550971 511.511816621 0.00200091479766 513.0 512.0 524801.0
1047587 276.661585689 954.834483266 6.71430203923e-05 277.0 955.0 978197.0
1047588 513.105940938 511.090734363 0.00196808872737 513.0 511.0 523777.0
1047588 105.952190518 156.93667686 1.63401326653e-05 106.0 157.0 160874.0
1047589 271.694545865 464.407009482 1.91105763356e-05 272.0 464.0 475408.0
1047589 298.811858773 610.675523639 4.18897406782e-05 299.0 611.0 625963.0
1047589 513.012987971 511.707917809 0.00198193749855 513.0 512.0 524801.0
1047590 513.604085803 511.369295239 0.00189194136418 514.0 511.0 523778.0
1047590 509.578688741 514.663402438 0.000152424154324 510.0 515.0 527870.0
1047591 421.726260781 203.662389398 1.26670919395e-05 422.0 204.0 209318.0
1047591 513.239664435 511.379640937 0.00191143978609 513.0 511.0 523777.0
1047592 975.206530213 425.297164559 1.1045598535e-05 975.0 425.0 436175.0
1047592 513.526048779 511.521321654 0.00197235353418 514.0 512.0 524802.0
1047593 76.9652279615 767.870383382 4.54744024779e-06 77.0 768.0 786509.0
1047593 261.821286559 526.468745351 4.04046622244e-05 262.0 526.0 538886.0
1047593 513.607266784 511.350899577 0.00197256172892 514.0 511.0 523778.0
1047594 513.677496314 511.163788438 0.00195014557703 514.0 511.0 523778.0
1047595 513.647659659 511.253265738 0.00191822138977 514.0 511.0 523778.0
1047596 513.461199641 511.988243461 0.00197051119872 513.0 512.0 524801.0
1047596 770.92559588 283.095113158 4.82987841911e-05 771.0 283.0 290563.0
1047597 513.267742753 511.636604905 0.00193603382386 513.0 512.0 524801.0
1047597 978.760922313 681.776616693 4.84864498878e-07 979.0 682.0 699347.0
1047598 513.23138988 511.693454862 0.001958828542 513.0 512.0 524801.0
1047599 513.871790767 511.636074662 0.00198034634491 514.0 512.0 524802.0
1047599 985.734332681 911.508083463 5.04847957869e-05 986.0 912.0 934874.0
1047600 946.279369473 36.4807399511 3.62278497407e-06 946.0 36.0 37810.0
1047600 513.342414975 511.963863015 0.00196446877098 513.0 512.0 524801.0
1047601 967.033767343 61.0461035967 0.000109343881508 967.0 61.0 63431.0
1047601 89.3483988047 321.360679269 8.69678399168e-06 89.0 321.0 328793.0
1047601 513.431533933 511.903177381 0.00193033763735 513.0 512.0 524801.0
1047602 513.588070989 511.480644584 0.00196353423797 514.0 511.0 523778.0
1047603 150.266400218 384.881054282 4.10033476197e-06 150.0 385.0 394390.0
1047603 513.211642385 511.042366862 0.00191726831513 513.0 511.0 523777.0
1047604 513.479043365 511.863580108 0.00196811635194 513.0 512.0 524801.0
1047604 915.065879226 777.842120528 6.11276234525e-05 915.0 778.0 797587.0
1047605 513.433769822 511.051201224 0.00199504045992 513.0 511.0 523777.0
1047606 513.803218246 511.660537601 0.00198113659277 514.0 512.0 524802.0
1047607 513.600929379 511.479768872 0.00190090645907 514.0 511.0 523778.0
1047607 117.008889794 907.944520831 5.68491679423e-05 117.0 908.0 929909.0
1047608 513.795268893 511.672341466 0.00199555029924 514.0 512.0 524802.0
1047609 513.570092082 511.010177255 0.0019653831933 514.0 511.0 523778.0
1047610 513.274084926 511.016594768 0.00192257217582 513.0 511.0 523777.0
1047611 513.205897689 511.935877919 0.00193702939758 513.0 512.0 524801.0
1047612 513.195038199 511.180409551 0.00191266895852 513.0 511.0 523777.0
1047613 513.234375358 511.369202733 0.00193379088757 513.0 511.0 523777.0
1047613 93.8452161551 670.870783925 5.80658354787e-05 94.0 671.0 687198.0
1047614 513.406695008 511.587126613 0.00196837615193 513.0 512.0 524801.0
1047615 513.499966979 511.414011598 0.00194931505166 513.0 511.0 523777.0
1047615 377.965680718 402.758341193 8.60573392054e-06 378.0 403.0 413050.0
1047616 513.301843762 511.57080543 0.00189999177977 513.0 512.0 524801.0
1047617 513.013080001 511.165993094 0.00196476631552 513.0 511.0 523777.0
1047617 660.941458106 374.964688182 7.35395414954e-06 661.0 375.0 384661.0
1047618 905.145995736 585.271209836 1.23918295539e-05 905.0 585.0 599945.0
1047618 513.035921931 511.164481997 0.0019700847011 513.0 511.0 523777.0
1047619 807.742119431 350.999019742 9.59124692189e-07 808.0 351.0 360232.0
1047619 55.226312995 110.418416619 1.58721912648e-05 55.0 110.0 112695.0
1047619 513.725037217 511.919568181 0.00193555649035 514.0 512.0 524802.0
1047620 189.855214 568.640799403 3.99769353921e-05 190.0 569.0 582846.0
1047620 513.321850419 511.660779119 0.00187742999721 513.0 512.0 524801.0
1047620 387.734970212 352.087009788 5.55296594918e-06 388.0 352.0 360836.0
1047621 519.512647271 508.72516048 5.7553979683e-05 520.0 509.0 521736.0
1047621 872.735137582 262.706730008 3.96405522874e-05 873.0 263.0 270185.0
1047621 513.015748143 511.815237403 0.00188075599105 513.0 512.0 524801.0
1047622 513.766701818 511.326304078 0.00192115288871 514.0 511.0 523778.0
1047623 513.934624791 511.260502934 0.00191874209601 514.0 511.0 523778.0
1047624 513.714978814 511.308777213 0.00193510169933 514.0 511.0 523778.0
1047624 754.563136697 464.289748549 1.50358375025e-05 755.0 464.0 475891.0
1047625 513.446810126 511.037122607 0.00196180940657 513.0 511.0 523777.0
1047625 400.949165225 382.021711707 1.51960931844e-05 401.0 382.0 391569.0
1047626 513.374140859 511.287826657 0.00196645680489 513.0 511.0 523777.0
1047627 513.777953029 511.641220212 0.0020008867625 514.0 512.0 524802.0
1047627 532.534240603 255.054540277 2.74791655656e-06 533.0 255.0 261653.0
1047628 513.053777575 511.937967896 0.00192514883997 513.0 512.0 524801.0
1047628 304.128237844 937.249032617 5.11982146975e-05 304.0 937.0 959792.0
