k x y F u v cell
276920 511.978131413 509.299860835 0.00158509075404 512.0 509.0 521728.0
276921 300.358216405 851.313248754 4.55026932679e-06 300.0 851.0 871724.0
276921 511.770472646 509.0445081 0.00166774945012 512.0 509.0 521728.0
276922 608.986025453 277.433658242 7.05968726167e-06 609.0 277.0 284257.0
276922 511.160544753 509.589461923 0.00163273820836 511.0 510.0 522751.0
276923 234.544966578 565.479352832 5.03320344722e-06 235.0 565.0 578795.0
276923 511.26928556 509.315059304 0.00163941410764 511.0 509.0 521727.0
276924 556.247013927 484.146414638 3.1448097951e-05 556.0 484.0 496172.0
276924 511.898814082 509.261266589 0.00158937872053 512.0 509.0 521728.0
276925 254.419003367 980.40090239 1.24781268931e-05 254.0 980.0 1003774.0
276925 455.60171783 468.781134248 3.73839345511e-06 456.0 469.0 480712.0
276925 511.031007648 509.307855248 0.00157558779779 511.0 509.0 521727.0
276925 363.831993222 813.368523955 2.70107298478e-05 364.0 813.0 832876.0
276926 511.683438182 509.501069903 0.00157441953803 512.0 510.0 522752.0
276927 511.713992476 509.082657456 0.00165389678007 512.0 509.0 521728.0
276927 411.16920507 48.3182944059 1.81292027421e-06 411.0 48.0 49563.0
276928 511.351587176 509.727715611 0.00162366985256 511.0 510.0 522751.0
276929 511.991603494 509.576730371 0.00160518150599 512.0 510.0 522752.0
276930 511.43120873 509.278984427 0.00163987499979 511.0 509.0 521727.0
276931 511.907010913 509.5573982 0.00157885079954 512.0 510.0 522752.0
276931 493.48585856 502.626377702 2.22437463185e-06 493.0 503.0 515565.0
276931 171.991253495 446.281592727 1.94641346816e-05 172.0 446.0 456876.0
276932 511.145373464 509.256901622 0.00164987159691 511.0 509.0 521727.0
276932 873.288102269 851.661548257 1.56274172977e-05 873.0 852.0 873321.0
276932 1009.31145275 972.453319192 1.57873903096e-05 1009.0 972.0 996337.0
276933 511.767604947 509.665866494 0.00164385446148 512.0 510.0 522752.0
276934 511.945994258 509.497341275 0.00160452004441 512.0 509.0 521728.0
276935 511.73069942 509.762242436 0.00160040573866 512.0 510.0 522752.0
276935 760.294319272 702.544924378 7.02355281301e-07 760.0 703.0 720632.0
276935 1009.46619952 969.412686229 6.00748935922e-05 1009.0 969.0 993265.0
276936 511.933353066 509.280689836 0.00162123103661 512.0 509.0 521728.0
276936 973.999295831 896.154952168 5.59377149441e-06 974.0 896.0 918478.0
276936 84.5200973749 112.706283212 4.38276828465e-06 85.0 113.0 115797.0
276937 530.945114732 266.942602515 8.18621975137e-07 531.0 267.0 273939.0
276937 511.895637631 509.968242288 0.00162161682662 512.0 510.0 522752.0
276938 363.729075551 575.631710649 1.179094437e-07 364.0 576.0 590188.0
276938 246.244771838 52.526373744 1.64983379787e-06 246.0 53.0 54518.0
276938 511.251243472 509.204460502 0.00160963337677 511.0 509.0 521727.0
276938 90.0722349882 126.665925622 2.074316713e-05 90.0 127.0 130138.0
276939 330.598806262 521.584927201 2.03138003418e-05 331.0 522.0 534859.0
276939 511.794314504 509.195093989 0.00166496438517 512.0 509.0 521728.0
276940 969.593093753 180.155037761 4.34021982114e-05 970.0 180.0 185290.0
276940 511.285668969 509.0543226 0.00160427814334 511.0 509.0 521727.0
276940 727.393391728 331.397801757 1.86256095964e-05 727.0 331.0 339671.0
276941 511.249670625 509.760824561 0.00158022069195 511.0 510.0 522751.0
276941 217.293748021 987.849563956 3.89237895951e-06 217.0 988.0 1011929.0
276942 28.0939301252 958.325456262 2.30059646784e-05 28.0 958.0 981020.0
276942 511.827321649 509.457181573 0.00160918232309 512.0 509.0 521728.0
276943 394.980171323 703.360614181 6.98249593607e-06 395.0 703.0 720267.0
276943 603.739060283 516.255239367 2.2332771129e-05 604.0 516.0 528988.0
276943 511.755833983 509.422349095 0.00157087233705 512.0 509.0 521728.0
276943 153.239267945 945.922443271 4.77205218226e-05 153.0 946.0 968857.0
276944 39.5172275305 580.653565288 1.07178961376e-05 40.0 581.0 594984.0
276944 511.815223336 509.334505916 0.00161235747712 512.0 509.0 521728.0
276945 824.357276797 244.800099492 9.06482474403e-06 824.0 245.0 251704.0
276945 482.70790875 790.598194003 4.16889180715e-06 483.0 791.0 810467.0
276945 511.29990685 509.758468032 0.00160366939087 511.0 510.0 522751.0
276946 148.177844882 967.103351951 2.53430981954e-05 148.0 967.0 990356.0
276946 1006.9056052 699.92713964 1.28370832159e-05 1007.0 700.0 717807.0
276946 511.804405808 509.09649694 0.00162201842176 512.0 509.0 521728.0
276947 918.943933368 844.900679469 3.4219093656e-05 919.0 845.0 866199.0
276947 511.947921872 509.271367669 0.00165747114727 512.0 509.0 521728.0
276948 711.28030479 282.133155227 1.49771369415e-05 711.0 282.0 289479.0
276948 207.565009713 590.987744212 3.40591526725e-06 208.0 591.0 605392.0
276948 511.106478572 509.86698544 0.0015697974207 511.0 510.0 522751.0
276949 511.843259692 509.53800714 0.00160412734086 512.0 510.0 522752.0
276949 47.5953720808 71.7880672216 1.1594281743e-06 48.0 72.0 73776.0
276950 511.328824878 509.211140513 0.00161151484385 511.0 509.0 521727.0
276950 106.780418277 999.581853032 1.72637730232e-05 107.0 1000.0 1024107.0
276951 1008.44545567 709.870337605 9.74325497704e-07 1008.0 710.0 728048.0
276951 511.089315057 509.689789176 0.00166162354436 511.0 510.0 522751.0
276952 511.038106322 509.329490304 0.00154531456954 511.0 509.0 521727.0
276953 511.989518762 509.351451755 0.00165390123127 512.0 509.0 521728.0
276954 511.19134748 509.567514062 0.0016277804242 511.0 510.0 522751.0
276954 585.72201407 31.0679138899 5.52304165096e-05 586.0 31.0 32330.0
276954 532.893473029 681.064071298 5.50777740749e-06 533.0 681.0 697877.0
276955 511.132177234 509.175538659 0.0015851021155 511.0 509.0 521727.0
276955 135.351731896 35.3744763136 7.61353973268e-07 135.0 35.0 35975.0
276955 539.069809079 500.932385802 6.74781225999e-05 539.0 501.0 513563.0
276956 599.901038527 107.411444068 1.09849260484e-05 600.0 107.0 110168.0
276956 511.217477441 509.429926515 0.00153291877923 511.0 509.0 521727.0
276956 763.354275823 908.133745074 2.17303256861e-06 763.0 908.0 930555.0
276957 590.292211652 443.331040263 2.09271764668e-07 590.0 443.0 454222.0
276957 511.065307498 509.158677459 0.00159065571614 511.0 509.0 521727.0
276958 511.172419667 509.760230184 0.00161623347056 511.0 510.0 522751.0
276959 511.246238351 509.975718379 0.00164366818131 511.0 510.0 522751.0
276960 712.840730548 118.122127414 2.01596566462e-06 713.0 118.0 121545.0
276960 511.217923284 509.355328918 0.0015936820467 511.0 509.0 521727.0
276961 270.46494925 380.944469094 5.98721881409e-06 270.0 381.0 390414.0
276961 511.037879586 509.831387162 0.00165084318294 511.0 510.0 522751.0
276962 385.061495185 783.926439166 1.09294565083e-05 385.0 784.0 803201.0
276962 124.281576514 463.35011971 2.3810422372e-05 124.0 463.0 474236.0
276962 511.892723918 509.195454717 0.00162530240619 512.0 509.0 521728.0
276963 511.587427974 509.26747191 0.00161212090814 512.0 509.0 521728.0
276963 362.366885304 878.413783669 3.45755489638e-05 362.0 878.0 899434.0
276964 511.675016761 509.386537194 0.00158503053699 512.0 509.0 521728.0
276965 511.067872167 509.005666852 0.00162955043916 511.0 509.0 521727.0
276965 792.906938672 924.217941403 0.000111145730514 793.0 924.0 946969.0
276965 223.475456834 681.549645543 1.073740332e-05 223.0 682.0 698591.0
276966 511.750938296 509.436545968 0.00163817613998 512.0 509.0 521728.0
276966 948.135534644 712.270940661 1.40178987061e-05 948.0 712.0 730036.0
276967 511.049975753 509.482843995 0.00158647833378 511.0 509.0 521727.0
276968 511.524955392 509.054822564 0.00163985972203 512.0 509.0 521728.0
276968 117.057897925 763.744219184 3.11078322875e-07 117.0 764.0 782453.0
276969 484.245581746 945.259733558 2.92830066817e-06 484.0 945.0 968164.0
276969 513.317964196 517.085524201 7.28027384754e-05 513.0 517.0 529921.0
276969 511.235269904 509.024868608 0.00163722326447 511.0 509.0 521727.0
276969 467.073497891 291.339047313 1.13554853634e-06 467.0 291.0 298451.0
276969 944.117062688 38.2793267965 3.26608788623e-05 944.0 38.0 39856.0
276970 446.546151996 701.639609694 5.66119083949e-06 447.0 702.0 719295.0
276970 511.616252303 509.298958182 0.00157463690926 512.0 509.0 521728.0
276971 184.443225503 659.40508616 2.27800619449e-05 184.0 659.0 675000.0
276971 550.272851825 562.891640782 9.12309779488e-06 550.0 563.0 577062.0
276971 511.395341277 509.444192529 0.00159707222079 511.0 509.0 521727.0
276972 511.854066491 509.455776095 0.00160837731429 512.0 509.0 521728.0
276972 594.071994185 891.728772044 5.22529779181e-06 594.0 892.0 914002.0
276973 511.396141648 509.459568381 0.00160956076621 511.0 509.0 521727.0
276973 614.718950629 499.098462462 1.59267248026e-05 615.0 499.0 511591.0
276974 125.946824431 675.560227275 2.50421345175e-05 126.0 676.0 692350.0
276974 511.488056302 509.833521962 0.00162216750278 511.0 510.0 522751.0
276975 511.357345462 509.966887116 0.00158198166542 511.0 510.0 522751.0
276975 441.059790492 1008.25683129 2.50682977143e-05 441.0 1008.0 1032633.0
276976 344.286624551 842.539566636 2.77037502679e-05 344.0 843.0 863576.0
276976 511.702480674 509.412325978 0.00158122072064 512.0 509.0 521728.0
276977 512.84454453 687.25034821 1.44052717014e-05 513.0 687.0 704001.0
276977 511.79455936 509.556072831 0.00162870070696 512.0 510.0 522752.0
276977 523.573012471 798.183092952 9.55130156173e-06 524.0 798.0 817676.0
276978 511.540027022 509.459749103 0.00158173333454 512.0 509.0 521728.0
276978 180.517380595 177.41080606 8.37245753063e-06 181.0 177.0 181429.0
276978 31.9731229544 619.169264197 8.93783339531e-07 32.0 619.0 633888.0
276978 30.8191467524 419.428035855 1.50824698915e-05 31.0 419.0 429087.0
276979 511.63591516 509.282209992 0.0016014137756 512.0 509.0 521728.0
276979 163.245048642 359.76018393 8.76962759287e-06 163.0 360.0 368803.0
276980 453.075205445 763.130476117 4.38270577115e-05 453.0 763.0 781765.0
276980 511.460062861 509.967461228 0.00161619303459 511.0 510.0 522751.0
276980 10.2446762323 440.322480798 1.75722602806e-06 10.0 440.0 450570.0
276981 347.075860381 142.273619533 2.96642100664e-05 347.0 142.0 145755.0
276981 406.556371331 897.835288167 5.02979047919e-06 407.0 898.0 919959.0
276981 511.79385221 509.115556836 0.00157186947432 512.0 509.0 521728.0
276981 201.884887576 6.19450366497 9.27401356646e-06 202.0 6.0 6346.0
276982 511.776492238 509.17515099 0.00164166395682 512.0 509.0 521728.0
276983 511.444362283 509.897383094 0.00158356685818 511.0 510.0 522751.0
276983 855.445488811 7.82572901249 8.02131250371e-06 855.0 8.0 9047.0
276984 511.004480004 509.912199616 0.00161601771684 511.0 510.0 522751.0
276984 132.685858369 249.573711991 1.74216051861e-05 133.0 250.0 256133.0
276985 511.083902478 509.235720754 0.00160332585041 511.0 509.0 521727.0
276986 511.538848996 509.725085378 0.00159230603826 512.0 510.0 522752.0
276987 511.565931439 509.964997649 0.00165951924865 512.0 510.0 522752.0
276988 511.768477082 509.156955838 0.0016408081168 512.0 509.0 521728.0
276989 511.695052505 509.760317206 0.00162727765424 512.0 510.0 522752.0
276990 511.837981343 509.491976857 0.00159905677038 512.0 509.0 521728.0
276991 413.144363999 398.350956082 1.24637746784e-05 413.0 398.0 407965.0
276991 511.928988814 509.065775275 0.00163810205048 512.0 509.0 521728.0
276992 511.730699897 509.807970166 0.00164517770181 512.0 510.0 522752.0
276992 121.689953923 528.771685958 7.1006504949e-05 122.0 529.0 541818.0
276993 253.920107007 564.805503488 3.81295942529e-06 254.0 565.0 578814.0
276993 511.845940948 509.182849288 0.00163050177713 512.0 509.0 521728.0
276994 79.2996047735 706.215748191 1.59995183223e-05 79.0 706.0 723023.0
276994 511.035541654 509.651447654 0.00164378010397 511.0 510.0 522751.0
276994 365.1986655 567.12711823 6.16648619658e-06 365.0 567.0 580973.0
276995 1021.87625468 2.37985932827 4.58521037516e-05 1022.0 2.0 3070.0
276995 511.229376435 509.476840377 0.0015513373888 511.0 509.0 521727.0
276995 885.82367003 642.918845057 5.19489087999e-06 886.0 643.0 659318.0
276996 511.156180978 509.436051965 0.00158353772746 511.0 509.0 521727.0
276996 599.243003011 399.132495284 9.32596863464e-06 599.0 399.0 409175.0
276997 511.147459149 509.38112247 0.0016287289503 511.0 509.0 521727.0
276998 511.31188333 509.74747932 0.00161934359604 511.0 510.0 522751.0
276998 351.15932858 334.65550983 2.87708204327e-05 351.0 335.0 343391.0
276998 188.525741696 340.591661334 4.47397057922e-06 189.0 341.0 349373.0
276998 141.540978551 216.912608981 6.2102064226e-05 142.0 217.0 222350.0
276998 270.608180642 639.741304517 1.81434093847e-05 271.0 640.0 655631.0
276999 345.598933578 97.4749208689 2.48501120829e-05 346.0 97.0 99674.0
276999 149.196047902 581.179962993 5.78388498684e-06 149.0 581.0 595093.0
276999 511.50008595 509.646586776 0.00160039229949 512.0 510.0 522752.0
276999 710.003154874 108.471861959 2.72694964102e-05 710.0 108.0 111302.0
277000 511.082530379 509.863339067 0.0016491498276 511.0 510.0 522751.0
277001 511.424692273 509.345857263 0.00162543830961 511.0 509.0 521727.0
277002 511.53581059 509.47631681 0.00165036246422 512.0 509.0 521728.0
277002 889.020087838 93.3813470602 1.45302553747e-05 889.0 93.0 96121.0
277003 161.514034152 177.926075339 8.96148657451e-05 162.0 178.0 182434.0
277003 511.912728667 509.185812116 0.00160367464848 512.0 509.0 521728.0
277004 511.655938268 509.185741782 0.00157821744719 512.0 509.0 521728.0
277004 55.8713041544 237.083096147 1.86426046824e-06 56.0 237.0 242744.0
277004 211.137476325 524.610754848 2.64455545514e-05 211.0 525.0 537811.0
277004 315.421453118 441.337926269 4.85470627155e-05 315.0 441.0 451899.0
277005 931.668395877 349.225359321 3.1455088541e-07 932.0 349.0 358308.0
277005 511.027259469 509.946739316 0.00165089986232 511.0 510.0 522751.0
277006 512.848661304 516.796357512 7.21035183522e-05 513.0 517.0 529921.0
277006 171.655935645 247.738891721 3.56644445004e-06 172.0 248.0 254124.0
277006 493.380868077 569.716154695 4.22091451681e-05 493.0 570.0 584173.0
277006 511.16723597 509.587313771 0.00162825605401 511.0 510.0 522751.0
277007 13.2714229822 265.219140172 1.07892460863e-05 13.0 265.0 271373.0
277007 511.041478992 509.928772807 0.00156232249679 511.0 510.0 522751.0
277007 698.297006726 226.734036565 1.18316043361e-05 698.0 227.0 233146.0
277008 370.652222276 760.732333541 2.13169368567e-05 371.0 761.0 779635.0
277008 377.341444373 700.405211568 1.08579909791e-05 377.0 700.0 717177.0
277008 511.357845187 509.731303573 0.00156013937696 511.0 510.0 522751.0
277008 741.975217223 270.086697698 6.71331742975e-06 742.0 270.0 277222.0
277009 146.982300162 886.755681872 6.29292914488e-06 147.0 887.0 908435.0
277009 511.146954656 509.219606042 0.00161493958767 511.0 509.0 521727.0
277009 861.239903808 964.810885072 1.5596691243e-05 861.0 965.0 989021.0
277009 229.925280452 535.954629779 9.22001792016e-06 230.0 536.0 549094.0
277010 511.609663367 509.448697925 0.0016312103638 512.0 509.0 521728.0
277010 130.625399947 914.966366887 1.56976897834e-05 131.0 915.0 937091.0
277010 805.477522492 44.4308079481 8.85560669936e-07 805.0 44.0 45861.0
277011 511.55982697 509.333961129 0.0015341680005 512.0 509.0 521728.0
277011 249.989903808 679.45581758 1.17955726948e-05 250.0 679.0 695546.0
277012 580.719846129 463.978510499 3.9036379789e-05 581.0 464.0 475717.0
277012 511.701854348 509.554151893 0.00156525582326 512.0 510.0 522752.0
277013 511.831099391 509.842383265 0.00160942660872 512.0 510.0 522752.0
277014 511.62013185 509.84076488 0.00156965005795 512.0 510.0 522752.0
277014 54.7318321466 481.859642148 1.71451475902e-06 55.0 482.0 493623.0
277015 511.368360639 509.602740407 0.00164426073094 511.0 510.0 522751.0
277016 511.591607213 509.404374719 0.00167049339085 512.0 509.0 521728.0
277017 512.270434737 515.447237611 5.17730285716e-05 512.0 515.0 527872.0
277017 511.628088355 509.02478683 0.00158601735775 512.0 509.0 521728.0
277018 348.723751664 926.812357306 4.1811913706e-05 349.0 927.0 949597.0
277018 127.382201076 238.703888297 9.68325291788e-06 127.0 239.0 244863.0
277018 511.208573222 509.879778266 0.00158613223543 511.0 510.0 522751.0
277019 511.023392558 509.842577338 0.00168295599643 511.0 510.0 522751.0
277020 855.35246408 410.297297597 3.66379802576e-05 855.0 410.0 420695.0
277020 511.360737443 509.548376918 0.0015830912815 511.0 510.0 522751.0
277020 643.206122994 624.679886699 4.0398886694e-06 643.0 625.0 640643.0
277021 511.987897038 509.344912887 0.00161322252265 512.0 509.0 521728.0
277022 439.787192464 789.579958558 4.1853924822e-06 440.0 790.0 809400.0
277022 511.293858409 509.343834043 0.00166690900173 511.0 509.0 521727.0
277023 261.969882369 246.326885343 1.73774483578e-05 262.0 246.0 252166.0
277023 274.754028201 618.722656369 1.56856702344e-05 275.0 619.0 634131.0
277023 511.09859097 509.523898959 0.0016035241832 511.0 510.0 522751.0
277024 998.15374887 906.018607974 2.74459913384e-05 998.0 906.0 928742.0
277024 511.465744376 509.683069348 0.0016568761544 511.0 510.0 522751.0
277024 182.807860732 408.725269437 3.65528250462e-05 183.0 409.0 418999.0
277025 511.481779933 509.165573001 0.00157983468853 511.0 509.0 521727.0
277026 511.225424647 509.191660523 0.00159939900776 511.0 509.0 521727.0
277026 928.265674949 447.971271873 2.25838608488e-05 928.0 448.0 459680.0
277027 779.627721667 1021.39223516 3.40822845913e-05 780.0 1021.0 1046284.0
277027 511.388259053 509.910961747 0.00161053231486 511.0 510.0 522751.0
277028 511.488048673 509.152815938 0.00164179406448 511.0 509.0 521727.0
277029 511.871896863 509.544154048 0.00159706757599 512.0 510.0 522752.0
277029 899.767511487 419.3694278 6.97028675323e-05 900.0 419.0 429956.0
277030 511.786946654 509.105883718 0.00159275626185 512.0 509.0 521728.0
277030 258.077247977 846.931754231 1.75979721405e-06 258.0 847.0 867586.0
277031 511.225302339 509.366837859 0.00160500661222 511.0 509.0 521727.0
277032 962.353409648 672.573228478 4.31743611633e-06 962.0 673.0 690114.0
277032 511.387231946 509.210879922 0.00164813286776 511.0 509.0 521727.0
277032 875.380793929 189.109705806 1.7810792154e-05 875.0 189.0 194411.0
277033 25.7108310461 558.957061648 1.39125383641e-05 26.0 559.0 572442.0
277033 666.308150172 343.612418294 1.34755981781e-06 666.0 344.0 352922.0
277033 511.875969052 509.466180205 0.00164826808058 512.0 509.0 521728.0
277034 511.473873019 509.808603883 0.00160170227852 511.0 510.0 522751.0
277034 239.207045197 189.766842484 2.18237798546e-05 239.0 190.0 194799.0
277034 390.506240964 172.497036576 6.51278244502e-06 391.0 172.0 176519.0
277035 511.98989594 509.761607766 0.00155678377882 512.0 510.0 522752.0
277036 532.504684329 478.655320048 8.52689302949e-06 533.0 479.0 491029.0
277036 511.049714684 509.323795438 0.00165558560266 511.0 509.0 521727.0
277036 729.927581429 585.4665097 1.49157807227e-05 730.0 585.0 599770.0
277036 697.543159366 968.261668801 8.03734218709e-05 698.0 968.0 991930.0
277037 955.284349084 154.691903234 5.47801085073e-05 955.0 155.0 159675.0
277037 511.908418775 509.642609 0.00157165141099 512.0 510.0 522752.0
277038 511.331712365 509.62202251 0.00159948774128 511.0 510.0 522751.0
277038 365.65871489 637.866912246 2.07079536549e-07 366.0 638.0 653678.0
277039 905.098674417 249.017636895 5.81108220383e-05 905.0 249.0 255881.0
277039 511.740516067 509.435033441 0.00156319596668 512.0 509.0 521728.0
277040 654.016015649 1020.88650835 5.62036895243e-05 654.0 1021.0 1046158.0
277040 511.797264218 509.015318751 0.0016159295925 512.0 509.0 521728.0
277040 139.10992372 1002.5064851 3.45700845473e-05 139.0 1003.0 1027211.0
277041 511.226724982 509.053611159 0.00158916334988 511.0 509.0 521727.0
277042 511.602791905 509.114426732 0.00154374251258 512.0 509.0 521728.0
277043 556.105373502 88.7971090078 2.15062431895e-05 556.0 89.0 91692.0
277043 511.161442876 509.00810945 0.00155572501927 511.0 509.0 521727.0
277043 952.82918489 673.447228312 4.09946826078e-05 953.0 673.0 690105.0
277044 511.771658301 509.446428657 0.00159152556633 512.0 509.0 521728.0
277044 173.487367988 900.798767447 8.96053021775e-06 173.0 901.0 922797.0
277045 188.890377879 27.6927787066 1.11645495484e-05 189.0 28.0 28861.0
277045 511.920206904 509.834629893 0.00156155465141 512.0 510.0 522752.0
277046 526.081159711 363.656378865 3.44950723229e-05 526.0 364.0 373262.0
277046 511.638570905 509.918274522 0.00155664459559 512.0 510.0 522752.0
277047 511.250813127 509.46758759 0.00162005599523 511.0 509.0 521727.0
277048 297.511054397 1.77874028683 7.49203750847e-06 298.0 2.0 2346.0
277048 511.452036262 509.090469718 0.00157242302346 511.0 509.0 521727.0
277048 598.242124915 421.926652312 1.94792428865e-05 598.0 422.0 432726.0
277049 511.140952945 509.865844369 0.00161150267239 511.0 510.0 522751.0
277050 511.47367084 509.186982751 0.00168744235372 511.0 509.0 521727.0
277051 511.050777555 509.188610911 0.00158321277286 511.0 509.0 521727.0
277052 511.132017255 509.694618106 0.00162139663792 511.0 510.0 522751.0
277052 593.141954303 596.43790853 1.08154284191e-06 593.0 596.0 610897.0
277052 834.037104249 402.317831635 1.04665686858e-05 834.0 402.0 412482.0
277053 813.609648585 32.2891434431 1.73963075869e-05 814.0 32.0 33582.0
277053 511.983486772 509.161079764 0.00159613813165 512.0 509.0 521728.0
277053 266.388962865 602.295101762 8.45270605276e-05 266.0 602.0 616714.0
277054 712.044595838 110.117001176 3.438058171e-05 712.0 110.0 113352.0
277054 252.001527667 884.485974193 1.27130853983e-05 252.0 884.0 905468.0
277054 511.369195342 509.410057187 0.00166320448623 511.0 509.0 521727.0
277054 60.2017990351 43.5756491423 1.16175062661e-06 60.0 44.0 45116.0
277055 511.804974437 509.728435636 0.00161847546333 512.0 510.0 522752.0
277056 511.622588277 509.651573539 0.00165873700308 512.0 510.0 522752.0
277057 997.209779143 319.48223412 3.12878540635e-06 997.0 319.0 327653.0
277057 511.361658216 509.917073607 0.00164105459139 511.0 510.0 522751.0
277058 511.373382926 509.160033345 0.00160625339008 511.0 509.0 521727.0
277059 511.738882184 509.27835381 0.00164936845049 512.0 509.0 521728.0
277060 6.69691288471 175.182137609 6.48249315995e-06 7.0 175.0 179207.0
