k x y F u v cell
782600 512.284321427 512.936306596 0.00104554315165 512.0 513.0 525824.0
782600 496.126614451 514.342893958 0.000999556603992 496.0 514.0 526832.0
782601 496.176586509 514.094365239 0.00104828960816 496.0 514.0 526832.0
782601 512.615382075 512.403425574 0.00101625094591 513.0 512.0 524801.0
782602 870.505213618 727.153616309 9.78109125389e-06 871.0 727.0 745319.0
782602 496.240854621 514.087366223 0.00103757026324 496.0 514.0 526832.0
782602 512.599811673 512.82504046 0.00106205249586 513.0 513.0 525825.0
782602 43.1399241686 579.279294848 2.82577169646e-05 43.0 579.0 592939.0
782603 496.981206298 514.344756246 0.00101271976736 497.0 514.0 526833.0
782603 512.987662911 512.988754392 0.0010237249426 513.0 513.0 525825.0
782603 405.230137467 363.512828469 4.00559982319e-06 405.0 364.0 373141.0
782604 505.797722459 363.819179893 7.21766980547e-06 506.0 364.0 373242.0
782604 496.542789102 514.024115205 0.000950153779699 497.0 514.0 526833.0
782604 41.8745332956 236.141725659 2.79763856261e-06 42.0 236.0 241706.0
782604 512.836506009 512.149345756 0.000982672256137 513.0 512.0 524801.0
782605 341.712909341 573.174878716 7.36870249179e-06 342.0 573.0 587094.0
782605 496.473453641 514.340319037 0.000982961706687 496.0 514.0 526832.0
782605 512.971733212 512.350235581 0.000984036630841 513.0 512.0 524801.0
782605 66.5744532347 860.3576473 1.69763511743e-05 67.0 860.0 880707.0
782606 194.127809167 75.4280613661 1.58342214112e-05 194.0 75.0 76994.0
782606 512.418128371 512.490395665 0.00103405075234 512.0 512.0 524800.0
782606 496.086420417 514.418608069 0.00100446990072 496.0 514.0 526832.0
782607 304.365275502 627.161730647 2.54253547587e-05 304.0 627.0 642352.0
782607 496.19423902 514.760521054 0.00102794003878 496.0 515.0 527856.0
782607 512.934455991 512.835969806 0.00104125572013 513.0 513.0 525825.0
782608 512.150200486 512.447755694 0.00105007568965 512.0 512.0 524800.0
782608 496.012031674 514.235128999 0.00105474373396 496.0 514.0 526832.0
782609 590.742886662 360.937077403 1.61860315707e-05 591.0 361.0 370255.0
782609 512.843282819 512.588981271 0.0010493751149 513.0 513.0 525825.0
782609 496.367221236 514.520061374 0.00101895283744 496.0 515.0 527856.0
782610 512.925780416 512.629100919 0.00100016236571 513.0 513.0 525825.0
782610 272.613057256 355.601137042 3.29786605507e-06 273.0 356.0 364817.0
782610 496.765535951 514.548353076 0.000996878365212 497.0 515.0 527857.0
782610 182.346860528 189.994634032 1.82696887723e-05 182.0 190.0 194742.0
782611 496.323570371 514.76810658 0.00098407474628 496.0 515.0 527856.0
782611 512.630073667 512.870274663 0.00103066616942 513.0 513.0 525825.0
782611 61.8152128458 74.1236633062 5.84349444464e-06 62.0 74.0 75838.0
782611 10.8974577188 738.743861556 2.18309588678e-05 11.0 739.0 756747.0
782612 512.378598332 512.73262918 0.000997819795845 512.0 513.0 525824.0
782612 496.287137151 514.261003375 0.000995495325393 496.0 514.0 526832.0
782612 608.858428121 52.050865531 2.99638967464e-05 609.0 52.0 53857.0
782613 59.1199928522 208.381522298 9.82483746346e-07 59.0 208.0 213051.0
782613 233.37525475 131.594879508 3.95982263326e-06 233.0 132.0 135401.0
782613 512.905086398 512.546311259 0.000970302736015 513.0 513.0 525825.0
782613 506.079359174 117.580036998 3.2911424203e-05 506.0 118.0 121338.0
782613 496.333021283 514.535781741 0.00102215264425 496.0 515.0 527856.0
782614 712.803199887 382.134287477 3.89251596978e-06 713.0 382.0 391881.0
782614 496.108309388 514.403938651 0.000969349087993 496.0 514.0 526832.0
782614 374.236239314 696.406112075 3.09842473502e-05 374.0 696.0 713078.0
782614 512.783797622 512.991516471 0.000985099366761 513.0 513.0 525825.0
782614 728.992821097 867.265087008 2.49439767116e-06 729.0 867.0 888537.0
782615 883.372804523 1008.73435485 2.62645653974e-05 883.0 1009.0 1034099.0
782615 80.3527632952 228.738560796 6.28501680348e-06 80.0 229.0 234576.0
782615 440.641674399 814.470640302 1.21278864764e-05 441.0 814.0 833977.0
782615 512.650942683 512.384883523 0.00103071878126 513.0 512.0 524801.0
782615 496.623779416 514.305430532 0.00103031409905 497.0 514.0 526833.0
782616 496.70885098 514.204262376 0.00106683171071 497.0 514.0 526833.0
782616 512.757398725 512.942926764 0.00101795422049 513.0 513.0 525825.0
782617 512.580595374 512.638625979 0.00100333590467 513.0 513.0 525825.0
782617 649.580222487 253.848583817 3.64093487271e-06 650.0 254.0 260746.0
782617 496.493909717 514.333542466 0.000996804827282 496.0 514.0 526832.0
782618 496.188622355 514.366963267 0.000946343035279 496.0 514.0 526832.0
782618 512.450260043 512.739577174 0.00094453116723 512.0 513.0 525824.0
782619 512.42812264 512.747575164 0.00107552374124 512.0 513.0 525824.0
782619 496.306832433 514.105455041 0.00106273856561 496.0 514.0 526832.0
782620 496.299135804 514.545303702 0.0010113505228 496.0 515.0 527856.0
782620 512.349069476 512.671273351 0.0010069027453 512.0 513.0 525824.0
782620 895.812680125 46.3975385427 2.06681881084e-05 896.0 46.0 48000.0
782621 512.783121705 512.573224902 0.00102329360772 513.0 513.0 525825.0
782621 496.151553988 514.10809505 0.000966318329565 496.0 514.0 526832.0
782622 496.32646215 514.211595178 0.00100887850359 496.0 514.0 526832.0
782622 512.870231032 512.627617717 0.000945550206929 513.0 513.0 525825.0
782623 512.446233153 512.494997382 0.00100673321721 512.0 512.0 524800.0
782623 496.380185723 514.349701524 0.00101906475296 496.0 514.0 526832.0
782624 512.815276742 512.465992332 0.000977222947992 513.0 512.0 524801.0
782624 496.615383029 514.361389279 0.00101015717893 497.0 514.0 526833.0
782625 496.27441299 514.493479848 0.000996499972832 496.0 514.0 526832.0
782625 49.8665493727 61.079895854 8.16242750185e-06 50.0 61.0 62514.0
782625 512.284194112 512.956382155 0.000965715033927 512.0 513.0 525824.0
782626 512.768431306 512.842972875 0.00101357460826 513.0 513.0 525825.0
782626 496.514834285 514.783479571 0.00101622252567 497.0 515.0 527857.0
782627 298.070846438 595.750165582 5.07935736349e-06 298.0 596.0 610602.0
782627 277.24060905 896.050227761 6.28275685704e-08 277.0 896.0 917781.0
782627 496.226879478 514.092343926 0.000997403850639 496.0 514.0 526832.0
782627 1019.37247431 278.544619441 8.49381332848e-05 1019.0 279.0 286715.0
782627 512.534302115 512.914425969 0.00104524805895 513.0 513.0 525825.0
782628 929.186624885 329.871347785 9.02075416062e-06 929.0 330.0 338849.0
782628 512.986426473 512.504401565 0.00105806809668 513.0 513.0 525825.0
782628 496.686579823 514.046802402 0.00102554352696 497.0 514.0 526833.0
782628 168.979107261 286.492341399 1.3716063704e-05 169.0 286.0 293033.0
782629 512.40966022 512.560463786 0.00101794416583 512.0 513.0 525824.0
782629 496.119706988 514.402573466 0.00102889995753 496.0 514.0 526832.0
782630 532.405539155 1004.49258268 1.62956404744e-05 532.0 1004.0 1028628.0
782630 512.664328218 512.527005315 0.000997163358097 513.0 513.0 525825.0
782630 496.194857955 514.489813447 0.00102065836862 496.0 514.0 526832.0
782631 512.641659379 512.191128373 0.00100593327579 513.0 512.0 524801.0
782631 496.379900813 514.061996102 0.00101966604442 496.0 514.0 526832.0
782631 289.696938157 683.218959212 1.42039386214e-05 290.0 683.0 699682.0
782631 674.306995034 721.918324828 3.63308750413e-06 674.0 722.0 740002.0
782632 897.703802466 1005.21431673 5.26354562364e-06 898.0 1005.0 1030018.0
782632 496.931019664 514.165006518 0.00101287271123 497.0 514.0 526833.0
782632 512.933044076 512.901552796 0.00106348366738 513.0 513.0 525825.0
782633 496.885017037 514.671871781 0.00095615887518 497.0 515.0 527857.0
782633 512.980600238 512.768720269 0.00100207882785 513.0 513.0 525825.0
782633 682.834486127 160.211400151 2.71218725141e-05 683.0 160.0 164523.0
782633 191.275099874 30.6767739058 5.21178799544e-06 191.0 31.0 31935.0
782634 496.057171464 514.308154702 0.000983149117117 496.0 514.0 526832.0
782634 512.49234283 512.912316203 0.00104512994684 512.0 513.0 525824.0
782635 512.369094014 512.533780932 0.00101235613027 512.0 513.0 525824.0
782635 496.179798484 514.51149857 0.000984719616679 496.0 515.0 527856.0
782636 496.26871407 514.467424035 0.00100336645574 496.0 514.0 526832.0
782636 512.793938994 512.728161693 0.000993215813975 513.0 513.0 525825.0
782637 496.674539447 514.332977414 0.0010711836536 497.0 514.0 526833.0
782637 512.845323443 512.357483268 0.00103014126633 513.0 512.0 524801.0
782638 512.439710736 512.050620437 0.000951293305823 512.0 512.0 524800.0
782638 496.063161731 514.005800605 0.00101871020987 496.0 514.0 526832.0
782639 512.314650416 512.997438788 0.00100532558504 512.0 513.0 525824.0
782639 970.3024894 972.364495873 3.51633794421e-08 970.0 972.0 996298.0
782639 496.308895469 514.268581748 0.00103389274266 496.0 514.0 526832.0
782640 496.37511909 514.058163047 0.00100199488329 496.0 514.0 526832.0
782640 512.404155374 512.58400476 0.00100978364997 512.0 513.0 525824.0
782641 969.777612805 662.37977469 5.32743022339e-06 970.0 662.0 678858.0
782641 496.538839459 514.111353517 0.000989952644253 497.0 514.0 526833.0
782641 512.92478621 512.483647466 0.00100854784608 513.0 512.0 524801.0
782642 963.990188479 585.789483666 8.63581126544e-06 964.0 586.0 601028.0
782642 512.573621392 512.986429811 0.00100962269494 513.0 513.0 525825.0
782642 496.282694697 514.035826325 0.00104900336562 496.0 514.0 526832.0
782643 496.024782777 514.041092038 0.00100775939639 496.0 514.0 526832.0
782643 512.73023665 512.834026694 0.00103629252533 513.0 513.0 525825.0
782644 512.958454013 512.835175633 0.00103162850428 513.0 513.0 525825.0
782644 496.923096061 514.184268832 0.00102283771607 497.0 514.0 526833.0
782644 838.219190717 110.785996318 7.37098729813e-05 838.0 111.0 114502.0
782645 496.516270518 514.397424579 0.000953377474525 497.0 514.0 526833.0
782645 512.546992421 512.579197288 0.00102439967005 513.0 513.0 525825.0
782646 512.93253386 512.836748242 0.000953479789294 513.0 513.0 525825.0
782646 496.907788873 514.10122478 0.00103599803986 497.0 514.0 526833.0
782647 512.341507316 512.267123103 0.000983618817707 512.0 512.0 524800.0
782647 496.097852588 514.074931502 0.000973130179436 496.0 514.0 526832.0
782647 182.167241454 977.938566089 1.29978309841e-05 182.0 978.0 1001654.0
782648 512.802516818 512.917130351 0.000985836394461 513.0 513.0 525825.0
782648 496.766778827 514.672421575 0.000969205856096 497.0 515.0 527857.0
782649 547.030209899 955.370218873 7.85699840675e-07 547.0 955.0 978467.0
782649 496.896260858 514.480647922 0.00101237872449 497.0 514.0 526833.0
782649 512.902587056 512.886263728 0.00105901337265 513.0 513.0 525825.0
782650 618.602206588 89.0399276018 1.42119081477e-05 619.0 89.0 91755.0
782650 496.138740659 514.068867564 0.000989027802281 496.0 514.0 526832.0
782650 512.436776042 512.461933017 0.00098099379719 512.0 512.0 524800.0
782651 75.5569666624 945.725625873 1.81785566573e-05 76.0 946.0 968780.0
782651 431.920086265 861.144565463 2.51183241114e-07 432.0 861.0 882096.0
782651 512.457229972 512.828498483 0.000958646087188 512.0 513.0 525824.0
782651 937.364702344 571.888721108 2.45275224708e-05 937.0 572.0 586665.0
782651 496.016735196 514.107770085 0.00100191512368 496.0 514.0 526832.0
782652 512.963935018 512.977240682 0.0010432385633 513.0 513.0 525825.0
782652 496.187220931 514.421894431 0.00100723824912 496.0 514.0 526832.0
782652 609.295603871 791.948240638 1.58095887757e-05 609.0 792.0 811617.0
782653 512.836694121 512.907585263 0.00100850247599 513.0 513.0 525825.0
782653 496.264602065 514.233410716 0.00104971502289 496.0 514.0 526832.0
782653 267.331405759 504.015099645 1.12151847587e-05 267.0 504.0 516363.0
782654 496.438830018 514.039047122 0.00100870675237 496.0 514.0 526832.0
782654 512.560432792 512.711401105 0.00098625286011 513.0 513.0 525825.0
782655 465.841107965 715.475457788 1.70582035044e-05 466.0 715.0 732626.0
782655 512.893720269 512.833107352 0.00100766314001 513.0 513.0 525825.0
782655 174.908040643 593.706300378 1.05383787034e-05 175.0 594.0 608431.0
782655 496.049489856 514.386744142 0.00108391352425 496.0 514.0 526832.0
782656 512.748740554 512.938094974 0.00103944953014 513.0 513.0 525825.0
782656 496.571764827 514.723559499 0.00105053212527 497.0 515.0 527857.0
782657 512.932515025 512.879972339 0.000989041492699 513.0 513.0 525825.0
782657 496.471308827 514.863138318 0.0009463300662 496.0 515.0 527856.0
782658 751.19152844 459.368376613 1.1537053529e-06 751.0 459.0 470767.0
782658 512.279322982 512.983492494 0.00100654778604 512.0 513.0 525824.0
782658 496.152701735 514.812640548 0.00104916740795 496.0 515.0 527856.0
782659 901.477943063 377.152209878 6.51466988157e-06 901.0 377.0 386949.0
782659 496.154758334 514.459591269 0.000994672592339 496.0 514.0 526832.0
782659 512.946037889 512.82242167 0.000992599445312 513.0 513.0 525825.0
782660 247.00355947 205.867391229 7.60578309394e-07 247.0 206.0 211191.0
782660 638.101060271 442.766352773 1.59844318955e-05 638.0 443.0 454270.0
782660 496.290356517 514.671925187 0.000970045656379 496.0 515.0 527856.0
782660 441.40162313 258.668011308 2.33817419238e-05 441.0 259.0 265657.0
782660 512.490115523 512.872684836 0.00101556892649 512.0 513.0 525824.0
782661 496.543966651 514.606622815 0.000986060915749 497.0 515.0 527857.0
782661 512.846032739 512.888738275 0.00102716250956 513.0 513.0 525825.0
782661 820.665094018 799.858859658 2.96069858578e-05 821.0 800.0 820021.0
782662 496.111295819 514.060070634 0.00102275534621 496.0 514.0 526832.0
782662 634.138212562 766.530700564 4.56388026883e-06 634.0 767.0 786042.0
782662 512.584836841 512.201949239 0.0010180717714 513.0 512.0 524801.0
782663 496.110694528 514.440470815 0.00103046419561 496.0 514.0 526832.0
782663 512.576150537 512.952278733 0.000984688480716 513.0 513.0 525825.0
782663 514.852079749 876.35517323 2.27470452703e-05 515.0 876.0 897539.0
782664 496.490281701 514.12855041 0.00104476351306 496.0 514.0 526832.0
782664 512.535308242 512.742923617 0.000985619354185 513.0 513.0 525825.0
782665 496.108266473 514.153600812 0.00104905928513 496.0 514.0 526832.0
782665 512.36826694 512.548763633 0.000989298757195 512.0 513.0 525824.0
782666 496.113765121 514.055872798 0.000936353666714 496.0 514.0 526832.0
782666 512.218792319 512.55716455 0.0010036995837 512.0 513.0 525824.0
782666 984.370277286 159.422191024 2.24611119828e-05 984.0 159.0 163800.0
782667 496.100010276 514.180590272 0.00101013572433 496.0 514.0 526832.0
782667 757.51751411 893.306717515 2.94583458398e-05 758.0 893.0 915190.0
782667 571.475701928 219.844081521 7.52807233294e-06 571.0 220.0 225851.0
782667 512.777105689 512.840708137 0.00100577557376 513.0 513.0 525825.0
782668 629.470890403 24.0425373316 3.6454283632e-05 629.0 24.0 25205.0
782668 512.51595962 512.789795995 0.00101703353384 513.0 513.0 525825.0
782668 15.8060866594 199.157412171 2.21752686882e-05 16.0 199.0 203792.0
782668 496.337283492 514.32062757 0.00099042063026 496.0 514.0 526832.0
782669 496.78030169 514.488186002 0.000994248145906 497.0 514.0 526833.0
782669 512.910153985 512.951650739 0.0010076854464 513.0 513.0 525825.0
782669 171.726052165 480.240903735 3.70456467946e-05 172.0 480.0 491692.0
782669 301.446348786 293.482763648 1.23330412989e-06 301.0 293.0 300333.0
782670 512.855876088 512.85786593 0.00103140452346 513.0 513.0 525825.0
782670 496.032285333 514.365800977 0.00099592557245 496.0 514.0 526832.0
782671 512.799279094 512.981569886 0.00103293216652 513.0 513.0 525825.0
782671 496.312015414 514.351642013 0.00108369465239 496.0 514.0 526832.0
782671 692.3199054 509.720075965 1.22528407595e-05 692.0 510.0 522932.0
782672 496.40716064 514.494851947 0.00106042294318 496.0 514.0 526832.0
782672 512.991688371 512.787704349 0.000987202378581 513.0 513.0 525825.0
782673 496.620141864 514.292789578 0.00102950747705 497.0 514.0 526833.0
782673 512.648983359 512.408613801 0.000985359875659 513.0 512.0 524801.0
782674 512.219715714 512.431539893 0.00103751593774 512.0 512.0 524800.0
782674 496.127005696 514.246923089 0.0010661526192 496.0 514.0 526832.0
782675 512.785901189 512.726048589 0.00101738780747 513.0 513.0 525825.0
782675 496.475577474 514.621382117 0.00104497293621 496.0 515.0 527856.0
782675 780.423133492 720.729036927 2.82399869936e-06 780.0 721.0 739084.0
782676 835.810216308 40.1383644342 4.18058431341e-05 836.0 40.0 41796.0
782676 41.9680680037 125.395964265 4.36439433272e-05 42.0 125.0 128042.0
782676 512.862285495 512.772598863 0.00106377112256 513.0 513.0 525825.0
782676 496.493444324 514.705439448 0.00102756919262 496.0 515.0 527856.0
782677 512.711081624 512.648979068 0.000997685925714 513.0 513.0 525825.0
782677 496.272841334 514.297616363 0.00100801372812 496.0 514.0 526832.0
782678 496.113254428 514.508063436 0.00103042921225 496.0 515.0 527856.0
782678 475.498729825 456.50017345 2.3023004221e-05 475.0 457.0 468443.0
782678 512.157818675 512.911275268 0.00103649132761 512.0 513.0 525824.0
782679 496.390980124 514.321001172 0.00101647284631 496.0 514.0 526832.0
782679 492.787228942 928.685506225 7.13801779472e-05 493.0 929.0 951789.0
782679 732.292151809 927.97071898 1.03473222923e-05 732.0 928.0 951004.0
782679 512.868862748 512.731633782 0.00101007574451 513.0 513.0 525825.0
782679 618.25830543 902.793453336 3.50874995878e-06 618.0 903.0 925290.0
782680 496.693592668 514.105860591 0.00100636842936 497.0 514.0 526833.0
782680 608.875976443 692.233105302 2.03697918156e-05 609.0 692.0 709217.0
782680 512.802541614 512.177304149 0.00106763082851 513.0 512.0 524801.0
782681 496.453891158 514.047506213 0.00103018749859 496.0 514.0 526832.0
782681 512.821509004 512.185801387 0.00104621300265 513.0 512.0 524801.0
782681 953.949970603 442.509856105 3.20134330199e-07 954.0 443.0 454586.0
782681 394.699302554 268.606037974 2.67241010207e-05 395.0 269.0 275851.0
782682 512.566397786 512.168622136 0.00103886291759 513.0 512.0 524801.0
782682 496.311574817 514.117824435 0.00100778513077 496.0 514.0 526832.0
782682 179.505837083 334.703936696 8.42058348073e-06 180.0 335.0 343220.0
782682 956.627988696 713.459892154 8.41604375922e-05 957.0 713.0 731069.0
782683 512.808732867 512.299525619 0.00103508778923 513.0 512.0 524801.0
782683 496.085417867 514.210961938 0.000970849581734 496.0 514.0 526832.0
782684 496.467457414 514.113962293 0.00104144574165 496.0 514.0 526832.0
782684 669.060911536 6.92744863033 1.43916510712e-06 669.0 7.0 7837.0
782684 572.788858294 63.8182169199 4.55614824986e-05 573.0 64.0 66109.0
782684 512.994679809 512.311968207 0.00105106804212 513.0 512.0 524801.0
782685 512.772930503 512.377779126 0.00104062674655 513.0 512.0 524801.0
782685 496.279125094 514.047801375 0.000966043631953 496.0 514.0 526832.0
782685 821.1011554 355.902426362 1.8275116117e-05 821.0 356.0 365365.0
782686 512.793822408 512.820350766 0.000999036780199 513.0 513.0 525825.0
782686 860.138853669 322.965416551 1.17239648668e-05 860.0 323.0 331612.0
782686 820.865898252 1010.06010807 4.0147681681e-05 821.0 1010.0 1035061.0
782686 379.551796079 454.585868001 6.34885622559e-07 380.0 455.0 466300.0
782686 496.7274791 514.795684695 0.00103195440066 497.0 515.0 527857.0
782687 814.633370519 415.464820027 6.502971572e-06 815.0 415.0 425775.0
782687 496.656290174 514.111907363 0.000969791478275 497.0 514.0 526833.0
782687 512.853613019 512.337800622 0.00100931408888 513.0 512.0 524801.0
782688 496.528323293 514.350876689 0.00100038400962 497.0 514.0 526833.0
782688 512.772751689 512.912265182 0.00101181100535 513.0 513.0 525825.0
782688 155.622222066 661.746498942 6.98636106552e-06 156.0 662.0 678044.0
782689 512.704677939 512.411815763 0.000968881070607 513.0 512.0 524801.0
782689 496.129817367 514.014150262 0.000979272538211 496.0 514.0 526832.0
782689 84.2897309065 664.799872041 8.70196238672e-06 84.0 665.0 681044.0
782690 512.895491958 512.448217034 0.0010288092025 513.0 512.0 524801.0
782690 496.322445512 514.037374616 0.00100701091901 496.0 514.0 526832.0
782691 512.816896319 512.899197698 0.00097188199706 513.0 513.0 525825.0
782691 726.632344365 842.464288354 6.20832716892e-06 727.0 842.0 862935.0
782691 496.184202313 514.138293147 0.001020583234 496.0 514.0 526832.0
782692 512.450939536 512.872816443 0.000985880785252 512.0 513.0 525824.0
782692 304.971118569 867.020233035 5.1019293831e-05 305.0 867.0 888113.0
782692 496.160275102 514.240029216 0.0010282132156 496.0 514.0 526832.0
782693 512.978767514 512.765664697 0.00103462262397 513.0 513.0 525825.0
782693 301.513099313 617.518909335 1.9702767562e-05 302.0 618.0 633134.0
782693 496.641972661 514.219495416 0.000998898343852 497.0 514.0 526833.0
782694 512.60567534 512.093505263 0.0010697446171 513.0 512.0 524801.0
782694 496.216820121 514.035862327 0.000993458085165 496.0 514.0 526832.0
782694 438.440253377 240.329479337 1.30479656647e-05 438.0 240.0 246198.0
782695 512.850537896 512.719614863 0.00101023170838 513.0 513.0 525825.0
782695 509.648856759 92.9728127718 1.47678035454e-05 510.0 93.0 95742.0
782695 496.084390998 514.535510898 0.000993832600826 496.0 515.0 527856.0
782696 496.352484822 514.217723489 0.0010679259742 496.0 514.0 526832.0
782696 487.981526494 40.7427033186 3.3374078829e-06 488.0 41.0 42472.0
782696 416.324331641 910.474027753 1.72206999752e-05 416.0 910.0 932256.0
782696 512.99467504 512.883254409 0.00100412562027 513.0 513.0 525825.0
782697 992.463715434 567.363869071 2.13915004212e-05 992.0 567.0 581600.0
782697 512.789890409 512.978699088 0.00104586192771 513.0 513.0 525825.0
782697 496.629861474 514.025177121 0.00101882988034 497.0 514.0 526833.0
782698 558.182694793 112.307046533 8.45512435755e-06 558.0 112.0 115246.0
782698 512.494626641 512.71223104 0.00103618021016 512.0 513.0 525824.0
782698 496.325286508 514.683659434 0.000981276228504 496.0 515.0 527856.0
782698 203.967805028 398.865034223 5.59047447271e-06 204.0 399.0 408780.0
782699 512.796458364 512.85907805 0.0010362773932 513.0 513.0 525825.0
782699 897.426385522 910.33099401 4.29532488771e-06 897.0 910.0 932737.0
782699 594.446630597 890.986220956 9.95350262009e-07 594.0 891.0 912978.0
782699 496.347046733 514.069174647 0.00100166831079 496.0 514.0 526832.0
