k x y F u v cell
915040 73.685043931 566.619615436 2.75225191463e-05 74.0 567.0 580682.0
915040 755.604501128 291.6006006 2.24999727858e-05 756.0 292.0 299764.0
915040 511.36428225 511.273302197 0.00185060173785 511.0 511.0 523775.0
915041 511.119401813 511.493082643 0.00196666904545 511.0 511.0 523775.0
915042 511.187907338 511.992625594 0.00195866133639 511.0 512.0 524799.0
915042 983.834545493 577.504140258 2.28344487714e-06 984.0 578.0 592856.0
915042 856.102132201 192.623852134 4.98194134324e-05 856.0 193.0 198488.0
915043 511.763138175 511.581367612 0.00198932308487 512.0 512.0 524800.0
915043 750.539151311 419.21684587 1.28295382237e-05 751.0 419.0 429807.0
915044 511.754702449 511.164669394 0.00192273840833 512.0 511.0 523776.0
915045 511.701732039 511.37245214 0.00189551900872 512.0 511.0 523776.0
915046 511.836573005 511.597110629 0.00187586814458 512.0 512.0 524800.0
915047 945.1461972 465.290675998 5.26472728953e-05 945.0 465.0 477105.0
915047 511.006800294 511.930213332 0.00190732525302 511.0 512.0 524799.0
915048 511.479738355 511.230073571 0.00193103855027 511.0 511.0 523775.0
915048 549.069739938 113.617145896 1.55707025589e-06 549.0 114.0 117285.0
915049 411.208392262 250.067864299 8.5786790867e-06 411.0 250.0 256411.0
915049 511.180201888 511.28354013 0.00195669310041 511.0 511.0 523775.0
915049 873.825793862 969.231033206 2.63814947073e-05 874.0 969.0 993130.0
915049 535.294711471 822.883635879 4.38803626084e-05 535.0 823.0 843287.0
915049 842.400022388 547.394016147 2.86436123829e-05 842.0 547.0 560970.0
915050 511.590565085 511.467770219 0.00192082117817 512.0 511.0 523776.0
915050 719.545162559 368.916401029 9.79141716222e-05 720.0 369.0 378576.0
915050 879.795072436 951.755761504 1.99976909851e-06 880.0 952.0 975728.0
915051 827.721145749 935.418044925 5.51312440352e-05 828.0 935.0 958268.0
915051 511.738836646 511.296290994 0.00190698753573 512.0 511.0 523776.0
915052 511.675059676 511.089390874 0.00191939853593 512.0 511.0 523776.0
915052 740.110238194 421.183438659 5.08271369314e-05 740.0 421.0 431844.0
915053 384.226836324 108.667091012 3.44378580054e-05 384.0 109.0 112000.0
915053 511.312899232 511.622598052 0.00192651027385 511.0 512.0 524799.0
915054 889.348927617 1003.58489525 4.32533097425e-06 889.0 1004.0 1028985.0
915054 511.224763274 511.700482249 0.00190532000995 511.0 512.0 524799.0
915055 511.205402493 511.186046481 0.00195659107572 511.0 511.0 523775.0
915056 511.037963033 511.699909091 0.00192672846343 511.0 512.0 524799.0
915056 3.37000668049 760.600371242 4.81034319042e-06 3.0 761.0 779267.0
915057 563.308705449 428.690764546 2.5540357793e-08 563.0 429.0 439859.0
915057 207.733148694 405.188398957 1.19545488286e-05 208.0 405.0 414928.0
915057 511.426185966 511.407342076 0.0019801502948 511.0 511.0 523775.0
915058 511.895094514 511.916875958 0.00193680188292 512.0 512.0 524800.0
915058 537.200499654 353.683353543 2.00506153026e-05 537.0 354.0 363033.0
915059 511.889627576 511.132444739 0.00187055612056 512.0 511.0 523776.0
915059 900.492749572 805.968742967 3.29819861379e-05 900.0 806.0 826244.0
915059 970.031477571 961.57230556 2.95244476474e-05 970.0 962.0 986058.0
915060 314.426207662 500.953194022 2.58711320755e-05 314.0 501.0 513338.0
915060 37.4537864923 185.692503572 5.42924964325e-05 37.0 186.0 190501.0
915060 511.884230733 511.922709584 0.00190344732435 512.0 512.0 524800.0
915061 511.871763349 511.873179555 0.00194437991067 512.0 512.0 524800.0
915062 511.013574243 511.874762177 0.00195293284526 511.0 512.0 524799.0
915063 511.621328473 511.531876445 0.00195580896525 512.0 512.0 524800.0
915064 412.701899648 428.54435885 1.13639201832e-05 413.0 429.0 439709.0
915064 511.485696435 511.995281339 0.0019282242107 511.0 512.0 524799.0
915065 511.167106032 511.474521518 0.00194401271076 511.0 511.0 523775.0
915066 511.584226489 511.824196219 0.0018889433615 512.0 512.0 524800.0
915066 744.183179736 779.617923856 3.13317482288e-06 744.0 780.0 799464.0
915066 276.426001191 911.943888783 1.08786768014e-05 276.0 912.0 934164.0
915067 511.759578109 511.862321734 0.00194834527273 512.0 512.0 524800.0
915067 838.005295157 378.247511029 5.92224028378e-05 838.0 378.0 387910.0
915067 105.713407636 690.952463508 3.65497549548e-05 106.0 691.0 707690.0
915067 349.821434379 50.2122272253 6.71331286771e-05 350.0 50.0 51550.0
915068 688.754517198 960.76663363 4.2586179438e-06 689.0 961.0 984753.0
915068 511.052715659 511.126076818 0.00195644007258 511.0 511.0 523775.0
915068 409.934139132 876.058604836 7.96403538391e-05 410.0 876.0 897434.0
915068 839.83895576 256.177782893 4.75054461441e-05 840.0 256.0 262984.0
915068 330.994777083 364.507703185 7.45437400234e-07 331.0 365.0 374091.0
915069 511.643566489 511.175367475 0.00195787934711 512.0 511.0 523776.0
915070 704.893950582 869.687430024 4.39687358658e-06 705.0 870.0 891585.0
915070 511.753388762 511.22740829 0.00194718570213 512.0 511.0 523776.0
915071 511.819400191 511.154079318 0.00190790489038 512.0 511.0 523776.0
915072 511.423761725 511.207661986 0.00194710055963 511.0 511.0 523775.0
915072 966.379151464 763.183049798 2.30715563453e-05 966.0 763.0 782278.0
915072 991.202112079 527.365508676 0.000115693113394 991.0 527.0 540639.0
915073 746.864581943 212.052893996 5.10102242184e-05 747.0 212.0 217835.0
915073 511.623356938 511.686417222 0.00193507908849 512.0 512.0 524800.0
915074 198.512030244 318.420624375 1.46137570851e-05 199.0 318.0 325831.0
915074 511.592906833 511.496924758 0.00199479058329 512.0 511.0 523776.0
915075 511.75909102 511.388158917 0.00191842656991 512.0 511.0 523776.0
915076 363.097925782 441.323782563 5.47630503799e-06 363.0 441.0 451947.0
915076 508.51111114 586.993557096 8.18139048e-06 509.0 587.0 601597.0
915076 511.030593753 511.045252204 0.00184101746788 511.0 511.0 523775.0
915076 773.502191663 973.213392854 5.45116780906e-06 774.0 973.0 997126.0
915077 511.50780189 511.996605039 0.00194940563177 512.0 512.0 524800.0
915078 511.354426026 511.641360879 0.00187468169777 511.0 512.0 524799.0
915079 511.275354028 511.360905766 0.00186235893699 511.0 511.0 523775.0
915079 551.535057664 199.067460895 1.6590154836e-05 552.0 199.0 204328.0
915079 275.609044671 518.884140372 2.63825367367e-05 276.0 519.0 531732.0
915080 511.419754386 511.173464894 0.00190343712036 511.0 511.0 523775.0
915081 511.99424541 511.598768592 0.00192512971527 512.0 512.0 524800.0
915082 951.858381152 961.668221593 2.36596784948e-05 952.0 962.0 986040.0
915082 511.373956323 511.751429915 0.00188037658855 511.0 512.0 524799.0
915083 685.408103347 1012.58317411 1.66953494675e-05 685.0 1013.0 1037997.0
915083 511.048552155 511.378531814 0.00199424304255 511.0 511.0 523775.0
915084 217.011318803 773.535866857 5.56878681983e-05 217.0 774.0 792793.0
915084 511.623947024 511.330694079 0.00193824732894 512.0 511.0 523776.0
915085 511.99605453 511.730838656 0.00194051270195 512.0 512.0 524800.0
915086 511.422145963 511.749451756 0.00188804730785 511.0 512.0 524799.0
915087 511.887450337 511.866789699 0.00195275777881 512.0 512.0 524800.0
915088 363.279374003 255.138741136 1.18395138344e-05 363.0 255.0 261483.0
915088 215.68174994 405.295580983 6.73155265428e-05 216.0 405.0 414936.0
915088 511.249335647 511.20490253 0.00196454026314 511.0 511.0 523775.0
915089 511.569836259 511.844582915 0.00188878124178 512.0 512.0 524800.0
915089 85.7988804579 632.440312028 7.30655343241e-06 86.0 632.0 647254.0
915090 511.572257638 511.287632108 0.00188870202159 512.0 511.0 523776.0
915090 823.814792991 918.467628121 6.80853209945e-07 824.0 918.0 940856.0
915090 102.043902755 532.798297524 4.99489542727e-05 102.0 533.0 545894.0
915091 511.953110099 511.078252196 0.00190697514912 512.0 511.0 523776.0
915091 51.1391061544 683.188798785 3.53159322913e-06 51.0 683.0 699443.0
915092 813.139602542 888.281138539 4.62182366036e-05 813.0 888.0 910125.0
915092 511.794357657 511.843209147 0.00192560447133 512.0 512.0 524800.0
915093 511.953306317 511.553158879 0.00188875465054 512.0 512.0 524800.0
915093 993.58611238 656.244731307 8.88661752676e-05 994.0 656.0 672738.0
915094 969.469730258 218.122062802 1.5893345518e-05 969.0 218.0 224201.0
915094 278.435217261 325.719329953 8.58496923478e-06 278.0 326.0 334102.0
915094 511.246097207 511.362584233 0.0019432947013 511.0 511.0 523775.0
915094 615.705916524 675.805626988 4.54474264426e-05 616.0 676.0 692840.0
915094 540.699252725 436.650508046 8.11402264642e-06 541.0 437.0 448029.0
915095 524.560464263 78.0892425776 1.45253825278e-05 525.0 78.0 80397.0
915095 511.960421205 511.651690841 0.00189681272797 512.0 512.0 524800.0
915095 319.195542455 134.079521537 3.84997428459e-06 319.0 134.0 137535.0
915096 363.975461841 786.470393062 5.20279819854e-06 364.0 786.0 805228.0
915096 511.311632514 511.757516742 0.00193162706481 511.0 512.0 524799.0
915096 863.8901757 615.759452462 2.73809824215e-06 864.0 616.0 631648.0
915097 511.057649016 511.707748532 0.00192654909777 511.0 512.0 524799.0
915098 217.186011672 764.887661099 2.52592538863e-05 217.0 765.0 783577.0
915098 894.174367785 354.34243691 2.61663908196e-05 894.0 354.0 363390.0
915098 511.989698291 511.754284501 0.00186152598585 512.0 512.0 524800.0
915099 511.062394023 511.569369674 0.00192914787716 511.0 512.0 524799.0
915100 511.085795999 511.032936692 0.00194297167299 511.0 511.0 523775.0
915101 304.331596971 74.655780673 5.5732870939e-06 304.0 75.0 77104.0
915101 588.264576316 720.745404601 1.2889080772e-05 588.0 721.0 738892.0
915101 511.163107276 511.052011609 0.00195905892973 511.0 511.0 523775.0
915102 511.096825004 511.027231812 0.00189823970959 511.0 511.0 523775.0
915103 511.267529368 511.832414508 0.0019052707535 511.0 512.0 524799.0
915103 25.338332057 290.841601491 2.31811564263e-05 25.0 291.0 298009.0
915103 527.16965282 597.115048289 2.90021422842e-05 527.0 597.0 611855.0
915104 511.977841973 511.199009061 0.00191083237805 512.0 511.0 523776.0
915104 2.05155265331 855.325921416 2.77686997173e-06 2.0 855.0 875522.0
915104 492.877357841 76.8420375586 3.13147449885e-06 493.0 77.0 79341.0
915105 511.572918057 511.646384597 0.00195921668643 512.0 512.0 524800.0
915106 511.380360961 511.113918185 0.001900790185 511.0 511.0 523775.0
915107 511.252914786 511.736086726 0.00189249246811 511.0 512.0 524799.0
915108 511.389500022 511.838930726 0.00194193022162 511.0 512.0 524799.0
915109 511.104807734 511.214894891 0.00187480926439 511.0 511.0 523775.0
915109 383.014323592 950.8295573 4.71537381712e-05 383.0 951.0 974207.0
915109 976.152890325 274.603612065 2.19499367412e-05 976.0 275.0 282576.0
915110 61.2883936167 773.044814467 7.87449479028e-05 61.0 773.0 791613.0
915110 219.654610038 254.546545863 2.04190788484e-05 220.0 255.0 261340.0
915110 511.957947373 511.680863261 0.00195622700965 512.0 512.0 524800.0
915111 511.21446383 511.049293399 0.00187932903506 511.0 511.0 523775.0
915112 511.499297023 511.450789571 0.00200548916281 511.0 511.0 523775.0
915113 511.400221229 511.69604218 0.00194151368892 511.0 512.0 524799.0
915113 540.250184894 777.671682715 8.39540625201e-06 540.0 778.0 797212.0
915114 873.149549365 284.424412847 5.09472753202e-06 873.0 284.0 291689.0
915114 511.589884162 511.883614182 0.00200320601531 512.0 512.0 524800.0
915115 511.592948794 511.062876105 0.00191796205163 512.0 511.0 523776.0
915116 511.355980515 511.372900367 0.00189117314702 511.0 511.0 523775.0
915117 397.708623052 341.731060624 3.72872154952e-05 398.0 342.0 350606.0
915117 511.83293879 511.432999969 0.00187485253965 512.0 511.0 523776.0
915118 511.197289586 511.933422923 0.00195568711791 511.0 512.0 524799.0
915118 823.058884263 1020.79190576 7.42062764693e-05 823.0 1021.0 1046327.0
915119 511.815247893 511.948974729 0.00191935831334 512.0 512.0 524800.0
915119 577.054739833 864.515759587 3.55157049599e-06 577.0 865.0 886337.0
915120 511.528025746 511.537607312 0.00193082717326 512.0 512.0 524800.0
915121 331.777232528 155.040105939 6.14107732096e-06 332.0 155.0 159052.0
915121 511.05242908 511.265139461 0.00193216768477 511.0 511.0 523775.0
915121 927.942770362 233.397307515 2.06186994058e-05 928.0 233.0 239520.0
915122 511.661937594 511.113531709 0.0019262922891 512.0 511.0 523776.0
915122 952.448183894 943.571166158 1.20847567224e-05 952.0 944.0 967608.0
915122 318.435607791 60.7178832293 2.69342981753e-06 318.0 61.0 62782.0
915122 844.417290807 591.893155217 8.62151639334e-06 844.0 592.0 607052.0
915122 996.871128917 504.252429843 1.60597117255e-06 997.0 504.0 517093.0
915123 511.376845717 511.129443526 0.00199097894834 511.0 511.0 523775.0
915123 988.462185264 414.102005124 5.49986010812e-06 988.0 414.0 424924.0
915123 537.38768518 304.963731647 3.23820609297e-05 537.0 305.0 312857.0
915124 511.99361217 511.481597781 0.00200766137423 512.0 511.0 523776.0
915125 511.969154954 511.379904866 0.00189577238808 512.0 511.0 523776.0
915125 403.050357461 780.491038442 8.94330176704e-06 403.0 780.0 799123.0
915126 602.197029233 466.325876832 6.38530581603e-07 602.0 466.0 477786.0
915126 159.542833209 943.948715568 2.04983265787e-06 160.0 944.0 966816.0
915126 672.432098746 478.118023038 4.72951882003e-05 672.0 478.0 490144.0
915126 1021.56652272 699.062566638 5.65653005725e-06 1022.0 699.0 716798.0
915126 511.527742982 511.731176734 0.00195705739075 512.0 512.0 524800.0
915127 237.21674192 284.558168292 4.91609241631e-06 237.0 285.0 292077.0
915127 511.212796807 511.340071797 0.00190762475258 511.0 511.0 523775.0
915128 511.104264379 511.362303376 0.00193890534112 511.0 511.0 523775.0
915129 511.267181277 511.532994151 0.00195521841316 511.0 512.0 524799.0
915130 308.547519088 506.309028983 6.35878592943e-06 309.0 506.0 518453.0
915130 511.744932771 511.995553851 0.00186334935619 512.0 512.0 524800.0
915130 940.161074996 946.737454772 6.52205706135e-06 940.0 947.0 970668.0
915131 922.158995271 236.331835866 8.50602681645e-06 922.0 236.0 242586.0
915131 511.433689237 511.813312888 0.00194946128908 511.0 512.0 524799.0
915132 511.328371644 511.211768508 0.00193243861743 511.0 511.0 523775.0
915133 511.424699426 511.949849963 0.00190750783941 511.0 512.0 524799.0
915134 511.253539443 511.390422225 0.00193568680508 511.0 511.0 523775.0
915135 922.128761649 72.8419975042 2.30481467599e-05 922.0 73.0 75674.0
915135 511.762031674 511.7937783 0.00190083769147 512.0 512.0 524800.0
915136 665.337913871 855.494321465 5.6014909991e-06 665.0 855.0 876185.0
915136 511.459081769 511.622203708 0.00190165416719 511.0 512.0 524799.0
915137 511.972745061 511.28525579 0.00186344319534 512.0 511.0 523776.0
915138 226.750133157 1008.87476599 1.07398943916e-06 227.0 1009.0 1033443.0
915138 511.438815475 511.207508445 0.00191459857523 511.0 511.0 523775.0
915139 511.934957623 511.105425239 0.00196917749462 512.0 511.0 523776.0
915139 249.573581338 758.196156859 3.61682095817e-06 250.0 758.0 776442.0
915140 894.401709199 838.254539609 7.76643638868e-06 894.0 838.0 859006.0
915140 391.245213389 508.312799335 3.82860128995e-06 391.0 508.0 520583.0
915140 511.130990624 511.682287574 0.00187564950576 511.0 512.0 524799.0
915141 511.142345786 511.061946034 0.00190860031868 511.0 511.0 523775.0
915142 511.315633178 511.302405 0.0019198046053 511.0 511.0 523775.0
915143 511.456971049 511.724795461 0.00190152814343 511.0 512.0 524799.0
915144 541.927613139 44.8208175898 2.2462015674e-06 542.0 45.0 46622.0
915144 511.397092223 511.387184501 0.00196483627789 511.0 511.0 523775.0
915145 526.34454 855.259084821 5.79988538118e-06 526.0 855.0 876046.0
915145 511.92520678 511.85765779 0.00189754603671 512.0 512.0 524800.0
915145 659.226052403 466.664630532 3.61318870553e-06 659.0 467.0 478867.0
915145 1007.43428719 599.213411689 5.75660153901e-05 1007.0 599.0 614383.0
915146 511.572095752 511.845531821 0.00191680205759 512.0 512.0 524800.0
915146 1008.31553066 442.943754792 9.29938318769e-06 1008.0 443.0 454640.0
915146 365.998671412 413.379448771 3.76026816296e-05 366.0 413.0 423278.0
915146 163.189046741 261.164651275 2.96698339851e-06 163.0 261.0 267427.0
915147 215.418211102 771.068754792 5.99200297706e-05 215.0 771.0 789719.0
915147 706.021166444 346.931284547 6.14454083267e-06 706.0 347.0 356034.0
915147 351.621661067 54.8080080748 1.09657902044e-06 352.0 55.0 56672.0
915147 511.291359305 511.975710273 0.00195698846146 511.0 512.0 524799.0
915148 511.606969237 511.239942193 0.00191329539664 512.0 511.0 523776.0
915149 511.48924768 511.609310746 0.0019803813008 511.0 512.0 524799.0
915150 431.299215674 770.885603786 4.24891527729e-06 431.0 771.0 789935.0
915150 511.931212544 511.387111545 0.00193918401939 512.0 511.0 523776.0
915150 60.0144215822 532.883616567 4.41811088934e-05 60.0 533.0 545852.0
915151 511.170269608 511.389047742 0.00195630657394 511.0 511.0 523775.0
915151 891.161242127 161.203320146 5.51605321931e-05 891.0 161.0 165755.0
915152 511.023586631 511.57738626 0.00189132406057 511.0 512.0 524799.0
915152 519.732273698 514.888041377 7.45966659053e-05 520.0 515.0 527880.0
915153 511.724984765 511.046538949 0.00191280895879 512.0 511.0 523776.0
915153 985.947133183 1017.78855217 9.50519148836e-06 986.0 1018.0 1043418.0
915153 166.202243924 671.152077079 2.12782847992e-05 166.0 671.0 687270.0
915154 511.618953347 511.33080256 0.00187844918014 512.0 511.0 523776.0
915154 202.997542977 162.313048244 4.04352314904e-05 203.0 162.0 166091.0
915155 511.067748427 511.794158578 0.00191614480564 511.0 512.0 524799.0
915155 953.35101831 608.1942662 1.33101993857e-05 953.0 608.0 623545.0
915156 511.760052085 511.966829658 0.0019233710226 512.0 512.0 524800.0
915156 120.584504485 961.464655519 8.90371323839e-05 121.0 961.0 984185.0
915157 511.584296823 511.059316039 0.00192745932084 512.0 511.0 523776.0
915158 511.636754632 511.18849647 0.00191492375407 512.0 511.0 523776.0
915158 594.231201053 882.454882979 5.65376231045e-06 594.0 882.0 903762.0
915158 162.190467715 884.200363755 1.01346000314e-06 162.0 884.0 905378.0
915159 831.181407571 243.167298198 3.15966742605e-05 831.0 243.0 249663.0
915159 511.048368573 511.425221801 0.00192957120888 511.0 511.0 523775.0
915160 852.180869937 352.684460044 1.06143399907e-05 852.0 353.0 362324.0
915160 511.273879409 511.324816823 0.00196462409485 511.0 511.0 523775.0
915161 150.844833255 548.510172248 3.85203732773e-07 151.0 549.0 562327.0
915161 511.576587558 511.448759675 0.00195860567306 512.0 511.0 523776.0
915161 721.022111297 404.584566236 1.25498289667e-05 721.0 405.0 415441.0
915162 1004.10096872 975.265322328 5.60686210118e-06 1004.0 975.0 999404.0
915162 511.77625072 511.274229407 0.00193874854003 512.0 511.0 523776.0
915163 511.019733548 511.146923423 0.00194886985987 511.0 511.0 523775.0
915163 968.095754981 255.687166333 4.75739708347e-07 968.0 256.0 263112.0
915163 331.859713674 848.055502295 2.51918696277e-06 332.0 848.0 868684.0
915164 265.750376821 1015.05673182 1.00536273589e-05 266.0 1015.0 1039626.0
915164 511.696390271 511.972714067 0.00194134089301 512.0 512.0 524800.0
915165 190.902034163 975.357623696 8.3555576033e-07 191.0 975.0 998591.0
915165 511.394208312 511.106051326 0.00195269784264 511.0 511.0 523775.0
915166 159.597261548 268.786095262 6.78377787442e-05 160.0 269.0 275616.0
915166 511.918261886 511.486316323 0.00187136586916 512.0 511.0 523776.0
915167 889.347095847 1005.42924607 8.26889066011e-06 889.0 1005.0 1030009.0
915167 511.207714915 511.339083791 0.00191608917168 511.0 511.0 523775.0
915168 511.3186692 511.212504029 0.00189691680595 511.0 511.0 523775.0
915168 653.265358806 775.516687751 1.00712522011e-05 653.0 776.0 795277.0
915169 511.45418179 511.700872064 0.00190669711773 511.0 512.0 524799.0
915170 374.90977037 611.092467666 3.2537758605e-05 375.0 611.0 626039.0
915170 511.910864472 511.762342334 0.00200307823905 512.0 512.0 524800.0
915171 511.099853396 511.247711062 0.00193883059167 511.0 511.0 523775.0
915172 511.259934306 511.165466428 0.00189801447759 511.0 511.0 523775.0
915173 511.344361186 511.273252606 0.00197150011199 511.0 511.0 523775.0
915173 487.966374278 21.5467771292 1.93992453864e-05 488.0 22.0 23016.0
915174 664.125733256 440.775670648 6.24182009298e-05 664.0 441.0 452248.0
915174 511.07570374 511.57223618 0.00193206084717 511.0 512.0 524799.0
915175 511.685354352 511.827770829 0.00188423255506 512.0 512.0 524800.0
915175 238.802715659 540.957385659 1.89571015041e-06 239.0 541.0 554223.0
915176 921.874999881 858.969356418 1.93269205001e-05 922.0 859.0 880538.0
915176 511.657170177 511.848494649 0.00195684443749 512.0 512.0 524800.0
915177 935.1179353 592.631453872 6.3485680935e-05 935.0 593.0 608167.0
915177 511.959031224 511.532400489 0.00188240545101 512.0 512.0 524800.0
915178 22.9594079256 978.166765332 2.06342160765e-05 23.0 978.0 1001495.0
915178 511.210859895 511.611033559 0.00190706944456 511.0 512.0 524799.0
915179 511.041828275 511.967567325 0.00195757116505 511.0 512.0 524799.0
915180 515.687148929 514.697684884 7.55267526623e-05 516.0 515.0 527876.0
915180 511.172798038 511.174394488 0.00185492035581 511.0 511.0 523775.0
915181 868.532563329 113.71072185 3.05340704373e-06 869.0 114.0 117605.0
915181 511.326065421 511.389936805 0.00192039997853 511.0 511.0 523775.0
915182 511.380290627 511.072086215 0.00191363307514 511.0 511.0 523775.0
915183 511.005644917 511.659745336 0.00194113181653 511.0 512.0 524799.0
915183 350.089810014 290.513422608 4.53480739674e-05 350.0 291.0 298334.0
915184 511.293634772 511.161821008 0.0019500985972 511.0 511.0 523775.0
915184 201.57720983 986.560383201 1.11132849876e-05 202.0 987.0 1010890.0
915185 511.585385919 511.976842761 0.00189596116588 512.0 512.0 524800.0
915186 611.845976949 71.3460351229 9.31124565803e-07 612.0 71.0 73316.0
915186 511.326339364 511.096742272 0.00191868398441 511.0 511.0 523775.0
915186 445.18130219 78.1373888254 9.57891811364e-06 445.0 78.0 80317.0
915187 511.862785935 511.213843226 0.00187019454404 512.0 511.0 523776.0
915187 972.470195889 747.124268889 3.23579943345e-05 972.0 747.0 765900.0
915188 511.628894448 511.672144532 0.00198704428542 512.0 512.0 524800.0
915189 511.169177413 511.95248282 0.00192060707222 511.0 512.0 524799.0
