k x y F u v cell
1131760 789.122749448 249.506562352 2.02346715238e-05 789.0 250.0 256789.0
1131760 520.4703089 526.777127147 0.00103120325276 520.0 527.0 540168.0
1131760 512.823253512 512.877462983 0.000991747499856 513.0 513.0 525825.0
1131761 520.231253266 526.103289723 0.00098382065428 520.0 526.0 539144.0
1131761 512.556456923 512.29390204 0.000999465076656 513.0 512.0 524801.0
1131762 512.824818969 512.730203986 0.000982038933733 513.0 513.0 525825.0
1131762 892.401892781 618.865538239 2.83797828794e-05 892.0 619.0 634748.0
1131762 520.38967669 526.105513453 0.00101590342363 520.0 526.0 539144.0
1131763 520.021180034 526.282377601 0.00102290404284 520.0 526.0 539144.0
1131763 512.711369157 512.601319671 0.00100794535982 513.0 513.0 525825.0
1131764 700.736459374 248.437432647 7.70373292603e-06 701.0 248.0 254653.0
1131764 822.92104733 952.062615514 2.71497649723e-06 823.0 952.0 975671.0
1131764 512.520510554 512.83298552 0.00101227980251 513.0 513.0 525825.0
1131764 520.284417033 526.086991668 0.000969943714083 520.0 526.0 539144.0
1131765 520.202872157 526.123543382 0.00101498235689 520.0 526.0 539144.0
1131765 512.921138644 512.85746038 0.0010098195707 513.0 513.0 525825.0
1131765 532.943851829 908.540123105 2.74515698835e-05 533.0 909.0 931349.0
1131765 965.419484496 743.210803151 2.51105420749e-06 965.0 743.0 761797.0
1131766 429.054489017 617.110247254 3.09191527215e-06 429.0 617.0 632237.0
1131766 520.172324777 526.068782449 0.00101274361299 520.0 526.0 539144.0
1131766 512.328649163 512.97995317 0.00104309145117 512.0 513.0 525824.0
1131767 520.284780383 526.740179658 0.00101051624936 520.0 527.0 540168.0
1131767 661.840253711 974.303731561 6.56778831166e-06 662.0 974.0 998038.0
1131767 512.616946101 512.854599833 0.00097715519833 513.0 513.0 525825.0
1131768 254.457716584 25.8456023932 7.16102528689e-05 254.0 26.0 26878.0
1131768 520.131216884 526.648885608 0.00104029364651 520.0 527.0 540168.0
1131768 512.394257903 512.848137259 0.00100967493962 512.0 513.0 525824.0
1131768 702.491017461 15.4084385633 1.25333654578e-05 702.0 15.0 16062.0
1131769 512.68634522 512.747515321 0.00101453950866 513.0 513.0 525825.0
1131769 463.473964095 234.972123742 1.37902457929e-06 463.0 235.0 241103.0
1131769 615.020490527 65.9800564051 3.90266665848e-06 615.0 66.0 68199.0
1131769 520.441702247 526.453960299 0.000996880676464 520.0 526.0 539144.0
1131770 512.446615338 512.382138848 0.000924151375316 512.0 512.0 524800.0
1131770 520.074475169 526.041981101 0.00100001051567 520.0 526.0 539144.0
1131771 520.037078023 526.440858483 0.00104532650243 520.0 526.0 539144.0
1131771 66.9312008619 72.995577693 4.56532197529e-05 67.0 73.0 74819.0
1131771 512.478450418 512.931667686 0.00103367154378 512.0 513.0 525824.0
1131772 520.852048039 526.048303246 0.00100021207574 521.0 526.0 539145.0
1131772 512.905138135 512.06363976 0.00102178325214 513.0 512.0 524801.0
1131772 442.444286942 302.0165447 8.37050989616e-06 442.0 302.0 309690.0
1131773 512.684445262 512.745217443 0.00101310050135 513.0 513.0 525825.0
1131773 657.957757115 575.118565202 3.01841614063e-06 658.0 575.0 589458.0
1131773 520.03540194 526.26224792 0.0010122661358 520.0 526.0 539144.0
1131774 520.138864398 526.660451055 0.000970538331864 520.0 527.0 540168.0
1131774 512.371029019 512.951296926 0.00108369730277 512.0 513.0 525824.0
1131775 520.622991443 526.012080789 0.00100936246571 521.0 526.0 539145.0
1131775 118.459389806 942.321498036 1.66274392507e-05 118.0 942.0 964726.0
1131775 755.78435576 730.461676955 1.81765236684e-05 756.0 730.0 748276.0
1131775 512.868238807 512.790023923 0.00100624456739 513.0 513.0 525825.0
1131776 512.717773318 512.779827952 0.00100320165675 513.0 513.0 525825.0
1131776 752.638518214 503.173681617 7.4175764886e-06 753.0 503.0 515825.0
1131776 520.310028672 526.271766305 0.00105081315439 520.0 526.0 539144.0
1131777 520.726379514 526.379976392 0.000970415553584 521.0 526.0 539145.0
1131777 512.981227994 512.918095469 0.000955349576901 513.0 513.0 525825.0
1131778 520.331320882 526.041164517 0.000979796535371 520.0 526.0 539144.0
1131778 512.694660068 512.732892394 0.00100458656802 513.0 513.0 525825.0
1131778 237.354410529 288.888919473 1.03111342427e-05 237.0 289.0 296173.0
1131779 520.376860261 526.041384339 0.000998205732644 520.0 526.0 539144.0
1131779 512.996620536 512.185533404 0.00104745891548 513.0 512.0 524801.0
1131780 512.873999953 512.874915481 0.00102110029756 513.0 513.0 525825.0
1131780 520.772064805 526.757846475 0.00100633477177 521.0 527.0 540169.0
1131781 520.012289405 526.55926621 0.00100522328914 520.0 527.0 540168.0
1131781 589.171928525 578.406220317 1.04964904205e-05 589.0 578.0 592461.0
1131781 349.595684648 140.618622899 1.62511366251e-06 350.0 141.0 144734.0
1131781 512.913121581 512.571592689 0.00104191553334 513.0 513.0 525825.0
1131782 520.055017591 526.589128613 0.00102208265679 520.0 527.0 540168.0
1131782 512.14847672 512.821433663 0.00101507066576 512.0 513.0 525824.0
1131783 987.357511163 843.132777333 1.66798547574e-05 987.0 843.0 864219.0
1131783 594.969614863 1008.33003223 2.57471417667e-05 595.0 1008.0 1032787.0
1131783 512.585646033 512.513785481 0.00102461464193 513.0 513.0 525825.0
1131783 520.403272271 526.071196675 0.000973831771135 520.0 526.0 539144.0
1131784 512.748836637 512.741257787 0.00101260488504 513.0 513.0 525825.0
1131784 146.280882955 646.356376529 1.24789834902e-06 146.0 646.0 661650.0
1131784 520.420525193 526.089480042 0.00104634396192 520.0 526.0 539144.0
1131784 215.777252555 585.040747285 9.44443373614e-06 216.0 585.0 599256.0
1131784 273.677288413 257.595505834 1.93264681222e-05 274.0 258.0 264466.0
1131785 520.168732524 526.454401374 0.00103532505644 520.0 526.0 539144.0
1131785 512.685913682 512.699048638 0.000982455893139 513.0 513.0 525825.0
1131786 512.105896831 512.902711511 0.000965125004266 512.0 513.0 525824.0
1131786 722.919592261 892.360459924 8.57143974654e-07 723.0 892.0 914131.0
1131786 520.047360539 526.286664605 0.0010449160477 520.0 526.0 539144.0
1131787 73.7573422194 389.636248469 5.81980665775e-06 74.0 390.0 399434.0
1131787 512.909712672 512.828299642 0.00101541832438 513.0 513.0 525825.0
1131787 988.466804147 828.159290433 9.02449775665e-06 988.0 828.0 848860.0
1131787 278.702353835 447.414803863 5.77161848556e-06 279.0 447.0 458007.0
1131787 520.557735801 526.824815631 0.0010135097177 521.0 527.0 540169.0
1131788 520.264640927 526.2346946 0.00102569689414 520.0 526.0 539144.0
1131788 104.520597816 564.267948747 2.79151380108e-06 105.0 564.0 577641.0
1131788 512.490845561 512.71272552 0.00103922339578 512.0 513.0 525824.0
1131789 512.910511613 512.272616982 0.000984572041637 513.0 512.0 524801.0
1131789 520.553103328 526.13206327 0.00100206476062 521.0 526.0 539145.0
1131790 574.450970292 881.897387147 1.03571946775e-06 574.0 882.0 903742.0
1131790 512.994816899 512.819310784 0.00100035693225 513.0 513.0 525825.0
1131790 520.494291902 526.736369252 0.00104310782302 520.0 527.0 540168.0
1131791 512.311124444 512.090726495 0.000988949875005 512.0 512.0 524800.0
1131791 520.277380109 526.003218293 0.000991569818921 520.0 526.0 539144.0
1131791 469.303736567 280.543835998 3.5992319554e-05 469.0 281.0 288213.0
1131792 512.986554027 512.377002358 0.00101611301342 513.0 512.0 524801.0
1131792 520.52893126 526.287184834 0.00106019033127 521.0 526.0 539145.0
1131793 512.53060782 512.904914737 0.000989557004822 513.0 513.0 525825.0
1131793 520.028025508 526.699946046 0.000973667190887 520.0 527.0 540168.0
1131794 520.332414746 526.449319243 0.000984361424936 520.0 526.0 539144.0
1131794 512.987108827 512.477419496 0.00103542609484 513.0 512.0 524801.0
1131794 489.383309484 64.3332806826 0.000101012864107 489.0 64.0 66025.0
1131794 65.7371762991 851.181729198 4.41140473727e-06 66.0 851.0 871490.0
1131795 512.958220601 512.24689424 0.00100398645947 513.0 512.0 524801.0
1131795 520.660174251 526.083347201 0.000989543767568 521.0 526.0 539145.0
1131796 512.684676051 512.66218102 0.00102704625961 513.0 513.0 525825.0
1131796 520.545295596 526.558274388 0.00101569891972 521.0 527.0 540169.0
1131796 892.22165668 186.098147035 1.08040788184e-05 892.0 186.0 191356.0
1131797 512.949706912 512.60743916 0.00100286625954 513.0 513.0 525825.0
1131797 728.385275722 790.627774358 1.9923342596e-05 728.0 791.0 810712.0
1131797 520.791953206 526.271831393 0.00101741369105 521.0 526.0 539145.0
1131797 392.585159183 563.806017518 1.86302830053e-05 393.0 564.0 577929.0
1131797 483.366561532 852.04821527 9.16321192719e-06 483.0 852.0 872931.0
1131798 69.7083250284 738.932499528 1.52607134567e-05 70.0 739.0 756806.0
1131798 520.252163768 526.341234326 0.00102704678135 520.0 526.0 539144.0
1131798 512.428816199 512.843804479 0.00102754558315 512.0 513.0 525824.0
1131799 512.739991784 512.865636945 0.00103798419889 513.0 513.0 525825.0
1131799 520.492411971 526.758162379 0.000979011200775 520.0 527.0 540168.0
1131800 520.626878381 526.547654748 0.00102828720974 521.0 527.0 540169.0
1131800 512.949452519 512.795788646 0.000971695098206 513.0 513.0 525825.0
1131801 512.86078155 512.16479528 0.000993884698838 513.0 512.0 524801.0
1131801 341.743454337 183.547947764 3.97274414074e-05 342.0 184.0 188758.0
1131801 927.499297261 730.897929311 3.48789227452e-05 927.0 731.0 749471.0
1131801 520.658561826 526.126459002 0.00096682179797 521.0 526.0 539145.0
1131802 512.385083795 512.600196719 0.000987528545908 512.0 513.0 525824.0
1131802 520.0082587 526.31044662 0.00095690616854 520.0 526.0 539144.0
1131803 512.230010629 512.901409268 0.00100854500587 512.0 513.0 525824.0
1131803 873.498378158 769.892653108 3.33960754398e-08 873.0 770.0 789353.0
1131803 520.173228621 526.530238748 0.000996627978455 520.0 527.0 540168.0
1131804 512.825898528 512.481912971 0.00100868737215 513.0 512.0 524801.0
1131804 520.378849864 526.390168548 0.000964970275258 520.0 526.0 539144.0
1131804 473.139148593 605.246194243 3.28230282737e-06 473.0 605.0 619993.0
1131805 520.711403012 526.02312839 0.000991059266037 521.0 526.0 539145.0
1131805 512.857776523 512.933799863 0.000968617479316 513.0 513.0 525825.0
1131806 512.364339948 512.294975877 0.00101553332326 512.0 512.0 524800.0
1131806 520.007295251 526.272031665 0.000997206866368 520.0 526.0 539144.0
1131806 387.801410079 430.559161067 2.87180192726e-07 388.0 431.0 441732.0
1131807 624.203307509 264.247500539 6.26485724067e-06 624.0 264.0 270960.0
1131807 512.919312119 512.457818627 0.000972137109757 513.0 512.0 524801.0
1131807 520.786396146 526.339186549 0.000989109259522 521.0 526.0 539145.0
1131808 520.189919829 526.157497525 0.00104184953908 520.0 526.0 539144.0
1131808 512.832096934 512.753719687 0.00100693601962 513.0 513.0 525825.0
1131808 159.079448581 749.785651803 1.18074494436e-05 159.0 750.0 768159.0
1131809 520.061098218 526.176653028 0.001005580975 520.0 526.0 539144.0
1131809 512.067555547 512.317874074 0.000987347385719 512.0 512.0 524800.0
1131810 512.5606848 512.787519336 0.000977756988217 513.0 513.0 525825.0
1131810 642.879963517 508.511009097 2.20464687735e-05 643.0 509.0 521859.0
1131810 520.151311517 526.507740855 0.000994262157169 520.0 527.0 540168.0
1131811 512.815982699 512.511165977 0.00104674075225 513.0 513.0 525825.0
1131811 520.597963452 526.102500319 0.00101110216968 521.0 526.0 539145.0
1131812 512.857199073 512.486363292 0.000982429229384 513.0 512.0 524801.0
1131812 520.215376496 526.318512559 0.000999215277396 520.0 526.0 539144.0
1131813 520.583656907 526.66672051 0.00102958759665 521.0 527.0 540169.0
1131813 512.919054627 512.927393556 0.000989800378306 513.0 513.0 525825.0
1131813 863.612973094 859.087899089 7.24009890685e-05 864.0 859.0 880480.0
1131813 576.648516774 276.008152604 2.94310249984e-05 577.0 276.0 283201.0
1131814 512.594984651 512.361990809 0.00102157785063 513.0 512.0 524801.0
1131814 520.463870168 526.085337043 0.000999249274237 520.0 526.0 539144.0
1131814 520.718701482 754.305621505 2.13732532569e-05 521.0 754.0 772617.0
1131815 512.958078027 512.593798995 0.00100252602947 513.0 513.0 525825.0
1131815 520.830374599 526.274665713 0.00102344617836 521.0 526.0 539145.0
1131816 696.830817819 487.147799134 1.14667032851e-05 697.0 487.0 499385.0
1131816 520.420065999 526.238653302 0.00104226575127 520.0 526.0 539144.0
1131816 768.12784493 747.982617736 8.63642016221e-06 768.0 748.0 766720.0
1131816 725.248953938 877.632102609 2.19665525059e-05 725.0 878.0 899797.0
1131816 512.68429172 512.575246692 0.000967195480165 513.0 513.0 525825.0
1131817 429.998091578 724.438072085 7.2033739046e-06 430.0 724.0 741806.0
1131817 512.863862395 512.820118546 0.000957287753133 513.0 513.0 525825.0
1131817 174.035574317 776.848772883 3.47853584474e-06 174.0 777.0 795822.0
1131817 520.557092786 526.466753602 0.00108105265716 521.0 526.0 539145.0
1131818 93.3563550711 265.683410525 6.89989025436e-06 93.0 266.0 272477.0
1131818 520.1751827 526.075740457 0.00103430436575 520.0 526.0 539144.0
1131818 512.74621284 512.61843431 0.000974287037249 513.0 513.0 525825.0
1131819 512.593241334 512.649672151 0.00100752825075 513.0 513.0 525825.0
1131819 342.197579265 470.672548175 1.39151523192e-06 342.0 471.0 482646.0
1131819 520.236319184 526.63307178 0.000961328286441 520.0 527.0 540168.0
1131820 520.656167388 526.162654757 0.000979765093504 521.0 526.0 539145.0
1131820 512.710245967 512.845855594 0.00100033973161 513.0 513.0 525825.0
1131821 520.539949059 526.116817355 0.00100625174417 521.0 526.0 539145.0
1131821 562.266541123 503.604009748 7.46786247867e-06 562.0 504.0 516658.0
1131821 512.986228585 512.811019778 0.000951126827673 513.0 513.0 525825.0
1131822 690.975207448 630.127261519 2.22477169531e-05 691.0 630.0 645811.0
1131822 520.590465665 526.512159944 0.000998019477759 521.0 527.0 540169.0
1131822 512.715613484 512.837209105 0.00099820202169 513.0 513.0 525825.0
1131823 201.670180678 268.870128036 5.5627645324e-06 202.0 269.0 275658.0
1131823 520.099486232 526.299425244 0.00104768724046 520.0 526.0 539144.0
1131823 512.497646213 512.630438209 0.00100257339132 512.0 513.0 525824.0
1131824 512.56364882 512.506516337 0.00100702630761 513.0 513.0 525825.0
1131824 520.067353368 526.080539346 0.00103752637234 520.0 526.0 539144.0
1131825 520.457926869 526.676373601 0.000955697260504 520.0 527.0 540168.0
1131825 512.648596644 512.717844129 0.000997926654326 513.0 513.0 525825.0
1131826 520.124696374 526.714645743 0.000986977140785 520.0 527.0 540168.0
1131826 512.832229018 512.723161101 0.000991531556601 513.0 513.0 525825.0
1131827 520.393500447 526.735343337 0.00103304076611 520.0 527.0 540168.0
1131827 512.553318381 512.943088174 0.000981931073969 513.0 513.0 525825.0
1131828 64.0909560919 1010.34126866 2.5336486341e-05 64.0 1010.0 1034304.0
1131828 512.925961137 512.844153285 0.00098983140725 513.0 513.0 525825.0
1131828 520.167955041 526.483022571 0.0010073469011 520.0 526.0 539144.0
1131828 390.329462171 755.209013104 6.79608289011e-06 390.0 755.0 773510.0
1131829 925.842015386 751.755196691 4.63357213785e-06 926.0 752.0 770974.0
1131829 520.122831464 526.489287734 0.000990445875355 520.0 526.0 539144.0
1131829 512.208835006 512.573783517 0.000999044649487 512.0 513.0 525824.0
1131829 710.708577991 1.50686252117 1.59285727064e-05 711.0 2.0 2759.0
1131830 512.488204598 512.953009248 0.000997714329149 512.0 513.0 525824.0
1131830 520.143322587 526.550623298 0.00102266918743 520.0 527.0 540168.0
1131831 520.026274323 526.125494361 0.000963882869942 520.0 526.0 539144.0
1131831 428.875470519 249.298763633 3.79855835955e-06 429.0 249.0 255405.0
1131831 512.326966643 512.41091001 0.00101543437998 512.0 512.0 524800.0
1131832 980.590310931 611.90790236 1.46365685873e-07 981.0 612.0 627669.0
1131832 512.966823936 512.530681729 0.00101314302678 513.0 513.0 525825.0
1131832 520.878709912 526.008246303 0.000968873367179 521.0 526.0 539145.0
1131833 520.012907624 526.04977119 0.000982512619226 520.0 526.0 539144.0
1131833 520.746696115 194.128953815 1.43600624058e-05 521.0 194.0 199177.0
1131833 512.74175036 512.940871358 0.00102997690885 513.0 513.0 525825.0
1131834 512.196248174 512.751154542 0.000994842193775 512.0 513.0 525824.0
1131834 520.074741006 526.480422139 0.000991921170904 520.0 526.0 539144.0
1131835 746.349173665 483.635837197 4.138326803e-07 746.0 484.0 496362.0
1131835 520.062663198 526.209218144 0.00101603405495 520.0 526.0 539144.0
1131835 512.952494979 512.324447274 0.00098033038596 513.0 512.0 524801.0
1131836 520.564805865 526.164397359 0.00103784252795 521.0 526.0 539145.0
1131836 512.79268539 512.406738162 0.00100623971175 513.0 512.0 524801.0
1131837 512.959872603 512.162885785 0.00099355704399 513.0 512.0 524801.0
1131837 520.937808871 526.017752051 0.00100079754377 521.0 526.0 539145.0
1131838 520.511413455 526.660197854 0.00105623598923 521.0 527.0 540169.0
1131838 512.582615256 512.843457341 0.000992514675497 513.0 513.0 525825.0
1131839 520.144151807 526.240612626 0.000962009549952 520.0 526.0 539144.0
1131839 512.671053767 512.686026692 0.000980586858392 513.0 513.0 525825.0
1131839 214.528458476 830.821408153 3.07105845275e-05 215.0 831.0 851159.0
1131840 539.553126216 912.246255994 4.65630886148e-06 540.0 912.0 934428.0
1131840 512.985908628 512.170648932 0.000970507898376 513.0 512.0 524801.0
1131840 421.444563746 897.3950454 4.15808826867e-06 421.0 897.0 918949.0
1131840 520.237191796 526.166467786 0.00103958463304 520.0 526.0 539144.0
1131841 438.76198709 160.169748664 1.15584119329e-05 439.0 160.0 164279.0
1131841 520.216612697 526.33419764 0.00103467417612 520.0 526.0 539144.0
1131841 512.379180074 512.381568551 0.00102711188753 512.0 512.0 524800.0
1131842 512.388241887 512.672616363 0.000946726002797 512.0 513.0 525824.0
1131842 520.156954408 526.056860566 0.00103248461142 520.0 526.0 539144.0
1131843 520.159988284 526.734676957 0.00100612852729 520.0 527.0 540168.0
1131843 512.447620034 512.836842418 0.00105282692665 512.0 513.0 525824.0
1131844 279.873690248 503.253869891 3.66344912122e-05 280.0 503.0 515352.0
1131844 512.245711207 512.114075541 0.000927521781516 512.0 512.0 524800.0
1131844 520.049141049 526.108667493 0.000968753688717 520.0 526.0 539144.0
1131845 313.723589063 124.011271834 1.61178744569e-05 314.0 124.0 127290.0
1131845 512.931805015 512.719364762 0.00101413520381 513.0 513.0 525825.0
1131845 520.080545068 526.637119412 0.000987246886419 520.0 527.0 540168.0
1131846 520.621686101 526.327007413 0.00103844779979 521.0 526.0 539145.0
1131846 305.412718654 365.560810447 3.01911972298e-06 305.0 366.0 375089.0
1131846 512.647267699 512.908414483 0.000977097740158 513.0 513.0 525825.0
1131847 512.417707324 512.340087771 0.00103742582078 512.0 512.0 524800.0
1131847 520.19080174 526.054510713 0.00101621030632 520.0 526.0 539144.0
1131848 908.443558097 802.745383143 1.10805713268e-05 908.0 803.0 823180.0
1131848 512.800129533 512.890469909 0.000982570902816 513.0 513.0 525825.0
1131848 520.263240933 526.180351377 0.00100928101465 520.0 526.0 539144.0
1131849 512.396649241 512.427608609 0.00102745247812 512.0 512.0 524800.0
1131849 520.18743813 526.17851007 0.00103919485417 520.0 526.0 539144.0
1131850 845.330533624 205.042048812 3.8326251191e-05 845.0 205.0 210765.0
1131850 520.347161412 526.515025973 0.00102075598897 520.0 527.0 540168.0
1131850 231.787528396 861.081055999 2.27172733207e-06 232.0 861.0 881896.0
1131850 512.600558162 512.615810752 0.000998360446666 513.0 513.0 525825.0
1131851 512.358838916 512.685157895 0.000993943868204 512.0 513.0 525824.0
1131851 520.272070289 526.292931914 0.00100008975411 520.0 526.0 539144.0
1131852 520.014155269 526.029578328 0.000982999257884 520.0 526.0 539144.0
1131852 512.4770118 512.856570125 0.00103708699829 512.0 513.0 525824.0
1131853 520.500068069 526.911039948 0.00101213217409 521.0 527.0 540169.0
1131853 512.55490005 512.927044511 0.00100048213609 513.0 513.0 525825.0
1131854 512.98571527 512.626735568 0.00097211784636 513.0 513.0 525825.0
1131854 520.249463677 526.420493484 0.000995197279946 520.0 526.0 539144.0
1131855 351.637264609 595.181071162 5.76403926761e-06 352.0 595.0 609632.0
1131855 896.03898561 841.732951999 3.82113599809e-05 896.0 842.0 863104.0
1131855 280.464605212 323.749753833 4.77215579957e-05 280.0 324.0 332056.0
1131855 512.784040332 512.843093276 0.00101111045439 513.0 513.0 525825.0
1131855 520.192443967 526.610543609 0.00100338691962 520.0 527.0 540168.0
1131856 1017.4799782 656.002546191 8.94139280363e-07 1017.0 656.0 672761.0
1131856 512.565507531 512.696501374 0.000966712126757 513.0 513.0 525825.0
1131856 520.554792523 526.146396279 0.000997128920476 521.0 526.0 539145.0
1131857 512.756243587 512.995925546 0.000977493276372 513.0 513.0 525825.0
1131857 520.613201737 526.451741338 0.000983022491863 521.0 526.0 539145.0
1131858 512.793966651 512.79043901 0.000977082431949 513.0 513.0 525825.0
1131858 292.802878976 27.9459427595 1.50696176557e-05 293.0 28.0 28965.0
1131858 520.068309903 526.287038684 0.00102348118584 520.0 526.0 539144.0
1131859 520.172276139 526.208531022 0.00101622937713 520.0 526.0 539144.0
1131859 512.227485061 512.476709247 0.00100062610453 512.0 512.0 524800.0
1131860 512.8012079 512.626787543 0.00104108732123 513.0 513.0 525825.0
1131860 520.198436379 526.28439343 0.00100604889244 520.0 526.0 539144.0
1131861 512.375176549 512.936062217 0.000994497009222 512.0 513.0 525824.0
1131861 267.232731938 682.272202373 1.90521175625e-05 267.0 682.0 698635.0
1131861 520.215409875 526.107727647 0.00104120975197 520.0 526.0 539144.0
1131861 417.004459739 155.350973487 2.55279534177e-06 417.0 155.0 159137.0
1131862 520.472694516 526.08368957 0.00103218892755 520.0 526.0 539144.0
1131862 512.663437724 512.926528573 0.00103473543431 513.0 513.0 525825.0
1131863 520.731858373 526.140796065 0.00098938891821 521.0 526.0 539145.0
1131863 58.7224551439 96.6400438547 1.41790469546e-05 59.0 97.0 99387.0
1131863 512.803141713 512.435574174 0.000983279707282 513.0 512.0 524801.0
1131863 958.662603736 615.344220519 3.02341945166e-06 959.0 615.0 630719.0
1131864 520.236475587 526.256401658 0.000984945554108 520.0 526.0 539144.0
1131864 512.541837096 512.763418555 0.000959167326923 513.0 513.0 525825.0
1131865 512.541283011 512.971613288 0.00101459905918 513.0 513.0 525825.0
1131865 520.493101478 526.145022988 0.00098210909967 520.0 526.0 539144.0
1131866 684.556676984 275.433430791 2.56870773016e-05 685.0 275.0 282285.0
