k x y F u v cell
132440 400.102087855 635.682317376 1.15236024064e-05 400.0 636.0 651664.0
132440 508.175573945 512.79112637 0.00169069808039 508.0 513.0 525820.0
132441 430.856945634 501.756645799 3.21943079485e-05 431.0 502.0 514479.0
132441 508.411630273 512.56366241 0.00168280326994 508.0 513.0 525820.0
132442 508.657109141 512.23211062 0.00173578089614 509.0 512.0 524797.0
132442 671.615976691 339.620275617 3.58357852308e-05 672.0 340.0 348832.0
132443 508.797051072 512.847481608 0.00170558466767 509.0 513.0 525821.0
132444 508.714092374 512.390354276 0.0017010495673 509.0 512.0 524797.0
132445 49.0382045507 86.6987174749 5.13312243482e-06 49.0 87.0 89137.0
132445 508.335250258 512.557875514 0.00166156677222 508.0 513.0 525820.0
132445 180.117241979 475.760754466 1.99244353358e-05 180.0 476.0 487604.0
132446 508.128992915 512.957216859 0.00173090246625 508.0 513.0 525820.0
132446 447.346483588 829.672970414 6.17534815512e-06 447.0 830.0 850367.0
132447 508.384119868 512.886198401 0.0016685795704 508.0 513.0 525820.0
132447 102.445877194 413.164982677 1.19435919808e-05 102.0 413.0 423014.0
132448 969.853905559 36.2512429953 0.000110990267605 970.0 36.0 37834.0
132448 508.812960982 512.732605815 0.0017096661277 509.0 513.0 525821.0
132449 787.547531486 167.366318583 3.74099114189e-06 788.0 167.0 171796.0
132449 508.474198461 512.515259385 0.0015840441487 508.0 513.0 525820.0
132449 2.91631233692 71.0981487036 1.98089265304e-05 3.0 71.0 72707.0
132450 528.077552199 792.841011405 8.39548318876e-05 528.0 793.0 812560.0
132450 508.47404182 512.608203292 0.00165791570647 508.0 513.0 525820.0
132451 920.312600493 131.700160384 6.3003540356e-06 920.0 132.0 136088.0
132451 508.019340158 512.819865108 0.00157020069053 508.0 513.0 525820.0
132452 217.530063272 799.829345107 3.23792610634e-05 218.0 800.0 819418.0
132452 508.614369512 512.553516507 0.00167360041057 509.0 513.0 525821.0
132452 407.332543254 398.863868356 1.24507491967e-06 407.0 399.0 408983.0
132453 508.61453712 512.223672032 0.0017014356307 509.0 512.0 524797.0
132454 1008.32641637 618.425954223 1.25531228987e-06 1008.0 618.0 633840.0
132454 573.138713241 819.064513803 5.44340844626e-05 573.0 819.0 839229.0
132454 508.679123282 512.625002265 0.0016231401656 509.0 513.0 525821.0
132455 508.193757892 512.200596452 0.00170736844881 508.0 512.0 524796.0
132455 584.972558856 136.174955726 2.22439389745e-05 585.0 136.0 139849.0
132456 508.29067266 512.574106812 0.00167654696793 508.0 513.0 525820.0
132457 1022.53651392 152.061487079 6.21255013243e-06 1023.0 152.0 156671.0
132457 508.429461122 512.676955581 0.0017794596747 508.0 513.0 525820.0
132458 508.576412559 512.035399556 0.00173442436713 509.0 512.0 524797.0
132459 508.824148774 512.999482274 0.0016911775676 509.0 513.0 525821.0
132460 508.132188201 512.56294024 0.0016951161956 508.0 513.0 525820.0
132461 508.859606385 512.985800385 0.00170198990105 509.0 513.0 525821.0
132461 302.663672805 523.632127166 2.84463201032e-05 303.0 524.0 536879.0
132462 508.332992673 512.240026832 0.00180925653758 508.0 512.0 524796.0
132462 424.612422824 496.446689248 0.000125482194592 425.0 496.0 508329.0
132463 922.102591395 449.335022807 2.59762167636e-05 922.0 449.0 460698.0
132463 781.060128093 128.137653708 6.91692334268e-06 781.0 128.0 131853.0
132463 508.625692725 512.648676991 0.00173551065068 509.0 513.0 525821.0
132464 126.706905723 163.817267776 7.28186986723e-06 127.0 164.0 168063.0
132464 508.116480947 512.00355351 0.00170802505367 508.0 512.0 524796.0
132465 878.420775533 842.094729543 0.000162462230012 878.0 842.0 863086.0
132465 508.499034047 512.021421552 0.00165494829554 508.0 512.0 524796.0
132466 120.044198632 1015.78851616 2.42263351849e-05 120.0 1016.0 1040504.0
132466 508.095343232 512.366055846 0.0016486659322 508.0 512.0 524796.0
132467 508.737412572 512.991769671 0.00163427288413 509.0 513.0 525821.0
132468 508.733690619 512.940663218 0.00173392588624 509.0 513.0 525821.0
132469 508.166578174 512.465420604 0.00176530808038 508.0 512.0 524796.0
132470 465.072526813 509.756446481 5.67656340645e-07 465.0 510.0 522705.0
132470 508.417857528 512.156600356 0.00173138763915 508.0 512.0 524796.0
132471 508.743919492 512.570186019 0.00162472953749 509.0 513.0 525821.0
132471 119.964392066 1010.47508895 4.388664182e-06 120.0 1010.0 1034360.0
132472 508.877169251 512.669200778 0.0016745076294 509.0 513.0 525821.0
132473 508.686834931 512.996762395 0.00170115071349 509.0 513.0 525821.0
132474 148.177394509 831.518743157 1.87242640066e-05 148.0 832.0 852116.0
132474 508.892042518 512.082547069 0.00171474281497 509.0 512.0 524797.0
132475 508.596886277 512.498955369 0.00171786090453 509.0 512.0 524797.0
132475 928.206565976 355.972456813 3.31157059027e-06 928.0 356.0 365472.0
132476 508.157052159 512.531570315 0.00167510960524 508.0 513.0 525820.0
132476 392.816483617 370.557952523 3.89222449363e-05 393.0 371.0 380297.0
132476 871.689612508 879.034258485 1.80142207044e-06 872.0 879.0 900968.0
132477 99.3896847963 480.303850055 5.71577172665e-05 99.0 480.0 491619.0
132477 508.896782994 512.30087316 0.00168806981726 509.0 512.0 524797.0
132477 839.649487853 874.39440763 6.06902530444e-06 840.0 874.0 895816.0
132478 508.941794991 512.132120728 0.00165150903384 509.0 512.0 524797.0
132479 508.491957068 512.94820416 0.00168393899703 508.0 513.0 525820.0
132480 508.596636891 512.864446521 0.00171733502349 509.0 513.0 525821.0
132481 508.400766492 512.915795445 0.00169492665147 508.0 513.0 525820.0
132482 508.798024535 512.987829566 0.00171121734441 509.0 513.0 525821.0
132482 402.135659814 148.857423902 1.40239762876e-07 402.0 149.0 152978.0
132483 508.439267993 512.336578965 0.00164381342256 508.0 512.0 524796.0
132484 946.733666778 701.228241563 4.13235097356e-05 947.0 701.0 718771.0
132484 508.594478011 512.332109094 0.00173318084267 509.0 512.0 524797.0
132485 508.397965789 512.720753789 0.00164743716196 508.0 513.0 525820.0
132486 508.505962014 512.632554412 0.00166358347439 509.0 513.0 525821.0
132487 45.435033679 669.672334075 4.16426423342e-06 45.0 670.0 686125.0
132487 508.571915507 512.031140924 0.00168617443439 509.0 512.0 524797.0
132487 956.439939618 834.276977897 8.0327446984e-06 956.0 834.0 854972.0
132488 508.781992316 512.884242415 0.001695886855 509.0 513.0 525821.0
132489 508.016307235 512.751815915 0.00170599529376 508.0 513.0 525820.0
132489 568.957931161 725.832406878 6.42353031537e-06 569.0 726.0 743993.0
132489 846.267849088 43.9039376974 2.11230144356e-07 846.0 44.0 45902.0
132489 790.93708384 93.9563328028 1.3775745297e-06 791.0 94.0 97047.0
132489 630.000896573 60.0155843496 1.71388523147e-05 630.0 60.0 62070.0
132490 508.354346633 512.58838284 0.00172880799286 508.0 513.0 525820.0
132491 508.407568574 512.398507714 0.00170285614692 508.0 512.0 524796.0
132491 745.652631402 290.256144881 1.21736793192e-05 746.0 290.0 297706.0
132492 508.425826192 512.154831767 0.00165948012644 508.0 512.0 524796.0
132493 508.295402169 512.567651868 0.00167722691626 508.0 513.0 525820.0
132493 217.108316064 542.780664325 1.86970400686e-06 217.0 543.0 556249.0
132494 508.604144454 512.33919847 0.00173347918638 509.0 512.0 524797.0
132495 511.723478436 687.87042439 1.77184577931e-05 512.0 688.0 705024.0
132495 508.732168078 512.930148959 0.00168314463529 509.0 513.0 525821.0
132496 508.367837548 512.216317296 0.0016890647615 508.0 512.0 524796.0
132496 753.15368855 317.133939385 8.50155742731e-06 753.0 317.0 325361.0
132497 508.383846402 512.288375258 0.00168229242388 508.0 512.0 524796.0
132498 508.001691222 512.818277478 0.00168641714056 508.0 513.0 525820.0
132499 508.532532573 512.79637897 0.00169254882695 509.0 513.0 525821.0
132500 916.573210835 807.461740375 2.12405458495e-05 917.0 807.0 827285.0
132500 508.641808391 512.043706775 0.00166356777895 509.0 512.0 524797.0
132501 508.326755166 512.430910468 0.00173431929703 508.0 512.0 524796.0
132502 508.418752074 512.779372811 0.00168847570091 508.0 513.0 525820.0
132503 508.976731181 512.449871898 0.00171799404978 509.0 512.0 524797.0
132504 508.206110358 512.303692222 0.00164009380622 508.0 512.0 524796.0
132504 642.524112344 545.375133157 1.42027670128e-05 643.0 545.0 558723.0
132505 63.5885790586 772.154071212 5.90030730912e-05 64.0 772.0 790592.0
132505 508.298973203 512.386714339 0.00161962340837 508.0 512.0 524796.0
132506 508.682793498 512.547053695 0.00174880486728 509.0 513.0 525821.0
132507 508.321539283 512.329245925 0.00173447727362 508.0 512.0 524796.0
132508 560.902567267 335.836450696 1.38504206051e-05 561.0 336.0 344625.0
132508 508.623261333 512.413543582 0.00165393384501 509.0 512.0 524797.0
132509 756.436635613 358.686202168 7.76889163501e-06 756.0 359.0 368372.0
132509 1012.67393887 949.074153781 1.11183737905e-05 1013.0 949.0 972789.0
132509 508.92469418 512.128820062 0.00168402741406 509.0 512.0 524797.0
132510 508.901479125 512.5716573 0.00167466515086 509.0 513.0 525821.0
132511 527.12025249 576.039373517 2.13292536964e-05 527.0 576.0 590351.0
132511 508.71657002 512.891582608 0.00167284664896 509.0 513.0 525821.0
132512 286.304309011 511.121299863 2.772499954e-05 286.0 511.0 523550.0
132512 508.362520576 512.637933373 0.00166398738305 508.0 513.0 525820.0
132513 508.356495738 512.534333587 0.00167295720096 508.0 513.0 525820.0
132514 495.547204375 149.031795859 7.93867789498e-05 496.0 149.0 153072.0
132514 508.769008994 512.415750623 0.00171824256132 509.0 512.0 524797.0
132515 508.269293904 512.628527522 0.00166295139641 508.0 513.0 525820.0
132515 943.69381249 757.509563327 1.81575845041e-06 944.0 758.0 777136.0
132516 508.305636048 512.470140338 0.00169450309251 508.0 512.0 524796.0
132516 595.385086656 182.02654326 3.38580353397e-05 595.0 182.0 186963.0
132517 508.253821015 512.968140244 0.00167218467314 508.0 513.0 525820.0
132517 599.076472402 296.469051719 2.21159869312e-05 599.0 296.0 303703.0
132518 508.048431516 512.346478105 0.00168812541073 508.0 512.0 524796.0
132519 508.097079396 512.683606029 0.00166759556557 508.0 513.0 525820.0
132519 972.210433364 800.798751712 8.42646646348e-06 972.0 801.0 821196.0
132519 84.2703589201 55.6736079454 1.11612810395e-05 84.0 56.0 57428.0
132520 508.60427916 512.90331471 0.00167142631057 509.0 513.0 525821.0
132521 707.353623033 756.937822461 7.78548418727e-06 707.0 757.0 775875.0
132521 508.190003276 512.980527043 0.00170660025149 508.0 513.0 525820.0
132522 794.091189265 181.323174834 1.22819500961e-05 794.0 181.0 186138.0
132522 508.749564767 512.331851363 0.00171802716509 509.0 512.0 524797.0
132523 508.641712308 512.889395356 0.00166706846349 509.0 513.0 525821.0
132523 576.548818231 1010.72442091 4.01735577392e-06 577.0 1011.0 1035841.0
132524 950.191067815 210.987324357 2.82209004562e-05 950.0 211.0 217014.0
132524 508.400446057 512.847307801 0.00165940502532 508.0 513.0 525820.0
132525 508.282911658 512.691305041 0.00168558509256 508.0 513.0 525820.0
132525 430.721704841 154.498088479 8.588074742e-06 431.0 154.0 158127.0
132526 508.262955546 512.687809825 0.00166884801364 508.0 513.0 525820.0
132527 508.034093261 512.010000587 0.00169030347255 508.0 512.0 524796.0
132527 968.587805867 1016.88387191 1.57351921841e-05 969.0 1017.0 1042377.0
132528 508.780856729 512.194657683 0.00167072654804 509.0 512.0 524797.0
132529 508.031861663 512.800516725 0.00168296208258 508.0 513.0 525820.0
132530 280.451268077 639.446677566 9.21391939268e-06 280.0 639.0 654616.0
132530 508.537145257 512.350166678 0.00166787088438 509.0 512.0 524797.0
132531 595.729468465 270.011519551 2.13334735377e-06 596.0 270.0 277076.0
132531 508.393736482 512.437277198 0.00173277603646 508.0 512.0 524796.0
132532 508.618949771 512.357321382 0.00171570489214 509.0 512.0 524797.0
132533 742.943702102 123.824097991 2.72996515249e-05 743.0 124.0 127719.0
132533 508.839101911 512.806975007 0.00167164164652 509.0 513.0 525821.0
132534 580.285978436 109.389752269 4.78114886657e-05 580.0 109.0 112196.0
132534 508.936282992 512.323624253 0.0016694647234 509.0 512.0 524797.0
132535 50.6209160089 415.856178403 6.86732443696e-06 51.0 416.0 426035.0
132535 508.478605628 512.99112761 0.00170019170076 508.0 513.0 525820.0
132536 508.311140656 512.516524673 0.00169044379183 508.0 513.0 525820.0
132536 387.301564097 315.562599063 2.46872971376e-05 387.0 316.0 323971.0
132537 508.267244458 512.028902173 0.00164090018633 508.0 512.0 524796.0
132538 508.539201856 512.88054359 0.00169451801019 509.0 513.0 525821.0
132539 508.415720344 512.148637414 0.00167548858726 508.0 512.0 524796.0
132539 459.648795247 957.715675473 3.26966217031e-05 460.0 958.0 981452.0
132539 494.122605443 958.715658307 1.49520518357e-05 494.0 959.0 982510.0
132539 567.478628993 911.875118375 1.30736081938e-06 567.0 912.0 934455.0
132540 508.855944276 512.635522008 0.00168591792239 509.0 513.0 525821.0
132541 942.735747218 873.385560632 8.77207630271e-06 943.0 873.0 894895.0
132541 263.312132478 391.380071044 7.63135890596e-06 263.0 391.0 400647.0
132541 602.893354535 1004.65462148 3.44068769507e-05 603.0 1005.0 1029723.0
132541 321.510066867 23.801903367 3.71987328489e-05 322.0 24.0 24898.0
132541 508.345269561 512.032509446 0.00169680635929 508.0 512.0 524796.0
132542 508.571743608 512.625796199 0.0016903671735 509.0 513.0 525821.0
132543 500.123973489 648.886471152 8.05082682528e-06 500.0 649.0 665076.0
132543 508.632698894 512.932379127 0.00172144013331 509.0 513.0 525821.0
132544 508.376896262 512.339413285 0.00175898623662 508.0 512.0 524796.0
132544 836.928697944 127.355203509 4.74446886163e-05 837.0 127.0 130885.0
132545 903.116764903 712.509989858 1.65375112853e-06 903.0 713.0 731015.0
132545 508.711373448 512.882952094 0.00169912564648 509.0 513.0 525821.0
132546 508.75861609 512.309968352 0.00168088566262 509.0 512.0 524797.0
132547 508.853556514 512.810203671 0.00170808881053 509.0 513.0 525821.0
132548 311.956035972 41.563470006 5.18110026712e-05 312.0 42.0 43320.0
132548 366.044794917 378.788753629 1.68900614548e-06 366.0 379.0 388462.0
132548 508.744757056 512.178928971 0.00170268340345 509.0 512.0 524797.0
132549 508.151984096 512.148540378 0.00164750525741 508.0 512.0 524796.0
132550 553.184377551 627.341119647 1.8780034304e-05 553.0 627.0 642601.0
132550 508.439680457 512.273594737 0.00168273573555 508.0 512.0 524796.0
132551 161.371853471 820.074867606 4.55805018865e-05 161.0 820.0 839841.0
132551 508.933055043 512.88310039 0.001670127859 509.0 513.0 525821.0
132552 508.124439836 512.990465999 0.00162672353142 508.0 513.0 525820.0
132552 73.3137105703 79.3297835588 7.54919354326e-05 73.0 79.0 80969.0
132553 508.474930644 512.369690299 0.0017144052826 508.0 512.0 524796.0
132554 508.589988351 512.256238103 0.00168418095986 509.0 512.0 524797.0
132555 1014.08254778 764.867981315 1.84847377297e-05 1014.0 765.0 784374.0
132555 508.5559901 512.595114112 0.0017357132204 509.0 513.0 525821.0
132556 428.447203994 957.825266004 1.97651346124e-06 428.0 958.0 981420.0
132556 508.03372848 512.227522492 0.00168769161686 508.0 512.0 524796.0
132557 508.152515292 512.011324286 0.00168352748662 508.0 512.0 524796.0
132558 508.120711923 512.671782851 0.00169921186425 508.0 513.0 525820.0
132559 508.014972568 512.222931981 0.00169705768032 508.0 512.0 524796.0
132559 390.534802794 990.155899882 1.1251949615e-05 391.0 990.0 1014151.0
132560 508.268703818 512.570772529 0.001653825705 508.0 513.0 525820.0
132560 97.7130974531 218.649245381 4.9527827997e-05 98.0 219.0 224354.0
132560 816.606524587 833.502616048 5.77987113501e-05 817.0 834.0 854833.0
132561 508.617086768 512.1744982 0.00168090817682 509.0 512.0 524797.0
132562 508.100565314 512.288826108 0.00165758137291 508.0 512.0 524796.0
132562 106.461731791 315.538255334 3.00690399522e-05 106.0 316.0 323690.0
132563 428.386585832 189.603455901 3.75874088878e-05 428.0 190.0 194988.0
132563 334.891557097 907.898442626 7.61288758062e-07 335.0 908.0 930127.0
132563 508.155051112 512.359853625 0.00169241077975 508.0 512.0 524796.0
132564 508.047768235 512.722121119 0.00173324619789 508.0 513.0 525820.0
132564 261.345621467 256.526362538 7.55560441084e-06 261.0 257.0 263429.0
132565 508.231508374 512.204772353 0.00170640629743 508.0 512.0 524796.0
132566 508.834618926 512.49904573 0.00168354567408 509.0 512.0 524797.0
132567 912.788721919 471.676349044 1.31044611378e-05 913.0 472.0 484241.0
132567 382.671014905 978.94318378 3.8508058463e-05 383.0 979.0 1002879.0
132567 1003.12833321 132.991637826 0.000157873222262 1003.0 133.0 137195.0
132567 789.950842738 369.067283034 3.91902840482e-06 790.0 369.0 378646.0
132567 508.871777892 512.360042214 0.00164004725422 509.0 512.0 524797.0
132567 707.056083083 93.3159934282 3.21274281063e-05 707.0 93.0 95939.0
132568 508.097772241 512.358396888 0.00170033054248 508.0 512.0 524796.0
132569 508.902422786 512.4696666 0.00166187712318 509.0 512.0 524797.0
132569 629.897477508 231.01064527 4.6333772455e-05 630.0 231.0 237174.0
132570 674.323897243 494.888250709 5.37695793995e-05 674.0 495.0 507554.0
132570 115.89857924 505.497817874 1.65495576339e-05 116.0 505.0 517236.0
132570 508.835550666 512.638508916 0.00162007553509 509.0 513.0 525821.0
132571 508.374431729 512.291068196 0.00171491998381 508.0 512.0 524796.0
132572 508.546580672 512.745306611 0.00164316317602 509.0 513.0 525821.0
132573 508.445707679 512.532343268 0.00167537233524 508.0 513.0 525820.0
132574 508.579663396 512.779838681 0.00164466472737 509.0 513.0 525821.0
132575 508.241839767 512.446703553 0.00168731546569 508.0 512.0 524796.0
132576 508.996149659 512.882920861 0.00165067952828 509.0 513.0 525821.0
132577 487.944141507 281.561700463 1.05848400814e-06 488.0 282.0 289256.0
132577 508.630244613 512.404053569 0.00171786115994 509.0 512.0 524797.0
132578 508.098152041 512.293064475 0.00169872673417 508.0 512.0 524796.0
132579 508.050649762 512.431289315 0.00171361206835 508.0 512.0 524796.0
132580 415.195002675 31.0165988207 7.04809526711e-06 415.0 31.0 32159.0
132580 508.50660789 512.188927531 0.00168965245035 509.0 512.0 524797.0
132581 701.991433024 629.773758531 4.24886596973e-06 702.0 630.0 645822.0
132581 508.543151975 512.422356963 0.0017396873001 509.0 512.0 524797.0
132582 508.202250123 512.255484939 0.00168478886997 508.0 512.0 524796.0
132582 547.580162168 866.125028729 1.48233896171e-05 548.0 866.0 887332.0
132583 409.677341819 483.50923574 1.52957676399e-06 410.0 484.0 496026.0
132583 508.405350804 512.174946904 0.00166123855661 508.0 512.0 524796.0
132583 41.5677963495 725.277911544 2.23322224636e-05 42.0 725.0 742442.0
132584 508.988922715 512.630779624 0.00166720935401 509.0 513.0 525821.0
132584 973.099190354 34.9000297785 1.22581150932e-07 973.0 35.0 36813.0
132585 508.165613532 512.399461389 0.00169098681666 508.0 512.0 524796.0
132586 960.790170312 684.087729812 7.40658661621e-06 961.0 684.0 701377.0
132586 671.105310082 36.6696566343 2.20962206695e-05 671.0 37.0 38559.0
132586 508.457869887 512.102504849 0.0016316482423 508.0 512.0 524796.0
132587 508.141704917 512.890065312 0.00166292963532 508.0 513.0 525820.0
132588 508.613526702 512.277236581 0.00163051972403 509.0 512.0 524797.0
132588 163.026479363 833.160544515 3.16278957329e-05 163.0 833.0 853155.0
132589 508.333401799 512.47601378 0.00169445777599 508.0 512.0 524796.0
132590 600.738771796 37.0101457834 1.01859534459e-05 601.0 37.0 38489.0
132590 508.249129891 512.511030078 0.00161447817913 508.0 513.0 525820.0
132591 508.779519439 512.946380734 0.00167553751113 509.0 513.0 525821.0
132592 508.489621758 512.144497752 0.00170232365079 508.0 512.0 524796.0
132593 508.336370111 512.074673295 0.00171821394405 508.0 512.0 524796.0
132594 508.495815396 512.593849301 0.0016759086988 508.0 513.0 525820.0
132595 625.690930963 645.880631566 4.56845373811e-07 626.0 646.0 662130.0
132595 508.205275178 512.857628465 0.00164686436526 508.0 513.0 525820.0
132596 508.385766864 512.637764096 0.00172584370635 508.0 513.0 525820.0
132596 119.832235932 257.129283309 4.29503937053e-06 120.0 257.0 263288.0
132597 508.508164763 512.967305541 0.00168101076629 509.0 513.0 525821.0
132597 17.7272056341 168.008898377 1.35441944628e-05 18.0 168.0 172050.0
132598 508.686083674 512.58801496 0.00171338030139 509.0 513.0 525821.0
132599 508.009101748 512.256229758 0.00171046293932 508.0 512.0 524796.0
132600 508.076344132 512.786328435 0.00169539372295 508.0 513.0 525820.0
132600 184.599748254 739.371538758 2.23517046824e-05 185.0 739.0 756921.0
132601 671.156408191 683.072190881 4.26134235568e-05 671.0 683.0 700063.0
132601 508.474627137 512.322852492 0.00166881603287 508.0 512.0 524796.0
132602 508.101156354 512.607324481 0.00170280087439 508.0 513.0 525820.0
132602 225.967144132 573.060244203 3.0725703667e-05 226.0 573.0 586978.0
132603 485.129297137 845.036095262 1.79043201911e-07 485.0 845.0 865765.0
132603 508.51475513 512.859844089 0.00170257847347 509.0 513.0 525821.0
132604 422.674089074 830.907359242 2.59888008087e-05 423.0 831.0 851367.0
132604 508.918213248 512.871027589 0.00169147299641 509.0 513.0 525821.0
132605 193.191717267 520.875853896 8.8080942234e-06 193.0 521.0 533697.0
132605 508.768880486 512.013080955 0.001712456872 509.0 512.0 524797.0
132606 508.945379376 512.111486793 0.00167109896612 509.0 512.0 524797.0
132607 508.494089246 512.046033502 0.00167896770344 508.0 512.0 524796.0
132608 508.437440276 512.363173127 0.0017215740341 508.0 512.0 524796.0
132609 508.590962052 512.041912436 0.00166658272816 509.0 512.0 524797.0
132610 508.563821197 512.362979293 0.00168402185424 509.0 512.0 524797.0
132610 474.036390662 533.945653796 1.7953460036e-05 474.0 534.0 547290.0
132611 508.224732518 512.478359818 0.00168998180084 508.0 512.0 524796.0
132612 508.020475268 512.006408572 0.00169530195803 508.0 512.0 524796.0
132613 508.530758739 512.854915261 0.00167783402826 509.0 513.0 525821.0
132613 842.241712689 566.163202405 3.55863222959e-08 842.0 566.0 580426.0
132614 508.074727178 512.46451962 0.00171388600796 508.0 512.0 524796.0
132614 876.162198901 915.940487027 1.17546290668e-05 876.0 916.0 938860.0
